0.78	2
1.59	3
2.35	4
3.11	1
3.81	2
4.54	3
5.28	4
6.02	1
6.72	2
7.4	3
8.04	4
8.74	1
9.4	2
10.05	3
10.69	4
11.38	1
12.06	2
12.67	3
13.33	4
13.98	1
14.59	2
15.24	3
15.87	4
16.52	1
17.15	2
17.82	3
18.46	4
19.07	1
19.74	2
20.38	3
20.99	4
21.64	1
22.3	2
22.94	3
23.56	4
24.19	1
24.86	2
25.47	3
26.14	4
26.76	1
27.43	2
28.08	3
28.71	4
29.35	1
30.03	2
30.66	3
31.34	4
32.0	1
32.68	2
33.36	3
34.01	4
34.68	1
35.34	2
36.03	3
36.67	4
37.35	1
38.0	2
38.69	3
39.33	4
40.02	1
40.68	2
41.35	3
42.01	4
42.67	1
43.34	2
44.01	3
44.67	4
45.34	1
46.0	2
46.68	3
47.34	4
48.01	1
48.67	2
49.34	3
50.01	4
50.69	1
51.34	2
52.01	3
52.67	4
53.34	1
54.01	2
54.68	3
55.34	4
56.01	1
56.68	2
57.34	3
58.01	4
58.68	1
59.35	2
60.01	3
60.68	4
61.35	1
62.0	2
62.68	3
63.34	4
64.01	1
64.68	2
65.36	3
66.01	4
66.68	1
67.34	2
68.01	3
68.67	4
69.34	1
70.01	2
70.68	3
71.33	4
72.01	1
72.67	2
73.34	3
74.01	4
74.68	1
75.34	2
76.01	3
76.68	4
77.35	1
78.01	2
78.67	3
79.34	4
80.01	1
80.68	2
81.34	3
82.01	4
82.68	1
83.34	2
84.01	3
84.67	4
85.34	1
86.01	2
86.68	3
87.34	4
88.01	1
88.67	2
89.34	3
90.01	4
90.67	1
91.34	2
92.01	3
92.67	4
93.35	1
94.01	2
94.67	3
95.34	4
96.01	1
96.68	2
97.35	3
98.01	4
98.68	1
99.34	2
100.01	3
100.68	4
101.34	1
102.01	2
102.67	3
103.35	4
104.01	1
104.68	2
105.34	3
106.01	4
106.67	1
107.34	2
108.01	3
108.67	4
109.34	1
110.02	2
110.68	3
111.35	4
112.01	1
112.7	2
113.35	3
114.02	4
114.68	1
115.33	2
116.01	3
116.68	4
117.34	1
118.01	2
118.67	3
119.35	4
120.01	1
120.68	2
121.34	3
122.01	4
122.68	1
123.34	2
124.02	3
124.68	4
125.35	1
126.01	2
126.67	3
127.34	4
128.01	1
128.68	2
129.34	3
130.01	4
130.68	1
131.35	2
132.01	3
132.67	4
133.34	1
134.01	2
134.68	3
135.34	4
136.02	1
136.68	2
137.34	3
138.01	4
138.67	1
139.34	2
140.01	3
140.68	4
141.34	1
142.01	2
142.68	3
143.34	4
144.01	1
144.68	2
145.34	3
146.01	4
146.67	1
147.34	2
148.01	3
148.67	4
149.33	1
150.0	2
150.68	3
151.34	4
152.01	1
152.69	2
153.37	3
154.05	4
154.68	1
155.34	2
156.01	3
156.67	4
157.34	1
158.01	2
158.68	3
159.33	4
160.01	1
160.68	2
161.34	3
162.01	4
162.68	1
163.34	2
164.01	3
164.67	4
165.36	1
166.01	2
166.67	3
167.34	4
168.01	1
168.68	2
169.34	3
170.01	4
170.66	1
171.34	2
172.01	3
172.67	4
173.33	1
174.01	2
174.51	3
175.01	4
175.34	1
175.68	2
176.01	3
176.34	4
176.68	1
177.02	2
177.34	3
177.67	4
178.01	1
178.34	2
178.67	3
179.0	4
179.34	1
179.68	2
180.01	3
180.34	4
180.67	1
181.01	2
181.34	3
181.67	4
182.01	1
182.35	2
182.67	3
183.0	4
183.34	1
183.66	2
184.01	3
184.34	4
184.68	1
185.01	2
185.35	3
185.68	4
186.01	1
186.35	2
186.68	3
187.01	4
187.34	1
187.67	2
188.01	3
188.34	4
188.68	1
189.01	2
189.34	3
189.67	4
190.01	1
190.34	2
190.67	3
191.01	4
191.34	1
191.68	2
192.01	3
192.33	4
192.68	1
193.01	2
193.34	3
193.67	4
194.01	1
194.34	2
194.67	3
195.0	4
195.34	1
195.67	2
196.01	3
196.35	4
196.68	1
197.02	2
197.35	3
197.68	4
198.02	1
198.35	2
198.68	3
199.01	4
199.34	1
199.68	2
200.01	3
200.34	4
200.68	1
201.01	2
201.35	3
201.68	4
202.01	1
202.35	2
202.68	3
203.0	4
203.35	1
203.68	2
204.01	3
204.34	4
204.68	1
205.02	2
205.35	3
205.67	4
206.01	1
206.34	2
206.69	3
207.01	4
207.34	1
207.69	2
208.01	3
208.35	4
208.68	1
209.01	2
209.34	3
209.68	4
210.01	1
210.35	2
210.68	3
211.01	4
211.34	1
211.68	2
212.01	3
212.34	4
212.67	1
213.02	2
213.35	3
213.7	4
214.01	1
214.35	2
214.68	3
215.02	4
215.34	1
215.68	2
216.01	3
216.35	4
216.68	1
217.01	2
217.34	3
217.68	4
218.01	1
218.35	2
218.68	3
219.01	4
219.34	1
219.68	2
220.01	3
220.34	4
220.67	1
221.01	2
221.35	3
221.67	4
222.01	1
222.33	2
222.68	3
223.01	4
223.34	1
223.68	2
224.01	3
224.34	4
224.67	1
225.01	2
225.34	3
225.67	4
226.0	1
226.34	2
226.68	3
227.01	4
227.34	1
227.69	2
228.01	3
228.34	4
228.68	1
229.02	2
229.35	3
229.68	4
230.01	1
230.34	2
230.67	3
231.01	4
231.34	1
231.68	2
232.01	3
232.34	4
232.68	1
233.01	2
233.34	3
233.68	4
234.01	1
234.33	2
234.67	3
235.01	4
235.34	1
235.68	2
236.01	3
236.34	4
236.67	1
237.01	2
237.34	3
237.67	4
238.01	1
238.34	2
238.68	3
239.01	4
239.34	1
239.68	2
240.01	3
240.34	4
240.68	1
241.01	2
241.34	3
241.67	4
242.01	1
242.35	2
242.68	3
243.0	4
243.34	1
243.66	2
244.01	3
244.34	4
244.67	1
245.0	2
245.34	3
245.67	4
246.01	1
246.34	2
246.67	3
247.01	4
247.34	1
247.68	2
248.01	3
248.34	4
248.68	1
249.01	2
249.34	3
249.68	4
250.01	1
250.34	2
250.67	3
251.0	4
251.34	1
251.68	2
252.0	3
252.35	4
252.68	1
253.01	2
253.34	3
253.67	4
254.01	1
254.34	2
254.67	3
255.01	4
255.34	1
255.68	2
256.01	3
256.34	4
256.68	1
257.01	2
257.34	3
257.68	4
258.01	1
258.34	2
258.67	3
259.0	4
259.34	1
259.67	2
260.01	3
260.34	4
260.67	1
261.01	2
261.34	3
261.67	4
262.01	1
262.34	2
262.67	3
263.01	4
263.34	1
263.68	2
264.01	3
264.34	4
264.67	1
265.0	2
265.35	3
265.68	4
266.01	1
266.34	2
266.67	3
267.01	4
267.34	1
267.68	2
268.0	3
268.34	4
268.67	1
269.01	2
269.34	3
269.68	4
270.01	1
270.34	2
270.68	3
271.01	4
271.34	1
271.68	2
272.01	3
272.34	4
272.68	1
273.01	2
273.34	3
273.68	4
274.01	1
274.34	2
274.68	3
