0.02	1
0.45	2
0.88	3
1.3	4
1.73	1
2.17	2
2.59	3
3.02	4
3.45	1
3.88	2
4.3	3
4.73	4
5.16	1
5.59	2
6.02	3
6.45	4
6.88	1
7.3	2
7.74	3
8.16	4
8.59	1
9.02	2
9.46	3
9.88	4
10.3	1
10.74	2
11.17	3
11.59	4
12.02	1
12.45	2
12.89	3
13.31	4
13.73	1
14.16	2
14.59	3
15.02	4
15.44	1
15.88	2
16.31	3
16.73	4
17.16	1
17.59	2
18.02	3
18.45	4
18.88	1
19.31	2
19.74	3
20.17	4
20.59	1
21.02	2
21.44	3
21.88	4
22.3	1
22.74	2
23.17	3
23.59	4
24.02	1
24.45	2
24.88	3
25.31	4
25.74	1
26.17	2
26.6	3
27.03	4
27.45	1
27.88	2
28.31	3
28.73	4
29.16	1
29.59	2
30.02	3
30.45	4
30.88	1
31.31	2
31.74	3
32.16	4
32.59	1
33.02	2
33.45	3
33.88	4
34.3	1
34.74	2
35.16	3
35.6	4
36.02	1
36.45	2
36.87	3
37.3	4
37.73	1
38.16	2
38.59	3
39.02	4
39.45	1
39.88	2
40.32	3
40.74	4
41.17	1
41.6	2
42.03	3
42.45	4
42.87	1
43.31	2
43.74	3
44.16	4
44.59	1
45.02	2
45.45	3
45.87	4
46.31	1
46.74	2
47.17	3
47.6	4
48.01	1
48.44	2
48.87	3
49.31	4
49.72	1
50.17	2
50.6	3
51.02	4
51.44	1
51.88	2
52.3	3
52.74	4
53.16	1
53.59	2
54.02	3
54.45	4
54.87	1
55.3	2
55.74	3
56.16	4
56.59	1
57.03	2
57.45	3
57.87	4
58.31	1
58.74	2
59.16	3
59.59	4
60.02	1
60.45	2
60.88	3
61.31	4
61.74	1
62.16	2
62.61	3
63.02	4
63.44	1
63.88	2
64.3	3
64.74	4
65.16	1
65.59	2
66.02	3
66.45	4
66.88	1
67.31	2
67.74	3
68.17	4
68.59	1
69.02	2
69.45	3
69.88	4
70.31	1
70.74	2
71.16	3
71.59	4
72.02	1
72.45	2
72.87	3
73.3	4
73.73	1
74.16	2
74.59	3
75.02	4
75.44	1
75.88	2
76.3	3
76.73	4
77.16	1
77.59	2
78.03	3
78.45	4
78.88	1
79.31	2
79.73	3
80.16	4
80.59	1
81.02	2
81.45	3
81.88	4
82.3	1
82.73	2
83.17	3
83.59	4
84.02	1
84.45	2
84.87	3
85.3	4
85.73	1
86.17	2
86.58	3
87.01	4
87.44	1
87.88	2
88.31	3
88.74	4
89.17	1
89.59	2
90.01	3
90.45	4
90.88	1
91.31	2
91.74	3
92.16	4
92.59	1
93.02	2
93.45	3
93.88	4
94.31	1
94.74	2
95.17	3
95.6	4
96.02	1
96.45	2
96.88	3
97.3	4
97.73	1
98.16	2
98.6	3
99.02	4
99.45	1
99.88	2
100.3	3
100.73	4
101.16	1
101.6	2
102.02	3
102.45	4
102.87	1
103.31	2
103.74	3
104.16	4
104.59	1
105.03	2
105.44	3
105.87	4
106.3	1
106.74	2
107.15	3
107.59	4
108.02	1
108.45	2
108.88	3
109.3	4
109.73	1
110.17	2
110.6	3
111.02	4
111.44	1
111.88	2
112.3	3
112.73	4
113.16	1
113.59	2
114.02	3
114.44	4
114.87	1
115.3	2
115.74	3
116.16	4
116.59	1
117.02	2
117.45	3
117.88	4
118.31	1
118.73	2
119.15	3
119.59	4
120.02	1
120.45	2
120.88	3
121.3	4
121.73	1
122.17	2
122.58	3
123.02	4
123.45	1
123.88	2
124.3	3
124.74	4
125.15	1
125.59	2
126.02	3
126.45	4
126.87	1
127.3	2
127.73	3
128.17	4
128.59	1
129.02	2
129.45	3
129.88	4
130.31	1
130.73	2
131.16	3
131.59	4
132.02	1
132.45	2
132.86	3
133.31	4
133.73	1
134.17	2
134.59	3
135.02	4
135.45	1
135.88	2
136.32	3
136.74	4
137.17	1
137.6	2
138.02	3
138.45	4
138.87	1
139.3	2
139.73	3
140.16	4
140.58	1
141.02	2
141.45	3
141.88	4
142.31	1
142.73	2
143.14	3
143.57	4
144.01	1
144.44	2
144.87	3
145.31	4
145.72	1
146.16	2
146.6	3
147.02	4
147.44	1
147.88	2
148.3	3
148.73	4
149.16	1
149.59	2
150.03	3
150.45	4
150.86	1
151.29	2
151.72	3
152.16	4
152.6	1
153.02	2
153.45	3
153.88	4
154.3	1
154.74	2
155.16	3
155.59	4
156.02	1
156.45	2
156.87	3
157.3	4
157.72	1
158.15	2
158.58	3
159.02	4
159.45	1
159.88	2
160.3	3
160.73	4
161.16	1
161.6	2
162.02	3
162.45	4
162.87	1
163.31	2
163.73	3
164.16	4
164.59	1
165.02	2
165.45	3
165.88	4
166.3	1
166.73	2
167.16	3
167.59	4
168.02	1
168.45	2
168.87	3
169.31	4
169.74	1
170.16	2
170.6	3
171.02	4
171.45	1
171.88	2
172.31	3
172.73	4
173.17	1
173.59	2
174.02	3
174.45	4
174.88	1
175.31	2
175.73	3
176.16	4
176.59	1
177.02	2
177.43	3
177.88	4
178.3	1
178.74	2
179.16	3
179.59	4
180.02	1
180.45	2
180.87	3
181.3	4
181.74	1
182.16	2
182.59	3
183.03	4
183.45	1
183.88	2
184.3	3
184.73	4
185.16	1
185.59	2
186.02	3
186.45	4
186.89	1
187.31	2
187.73	3
188.17	4
188.59	1
189.02	2
189.45	3
189.88	4
190.3	1
190.74	2
191.15	3
191.58	4
192.02	1
192.45	2
192.88	3
193.31	4
193.73	1
194.16	2
194.59	3
195.02	4
195.45	1
195.88	2
196.31	3
196.74	4
197.16	1
197.59	2
198.0	3
198.43	4
198.87	1
199.3	2
199.74	3
200.16	4
200.59	1
201.02	2
201.45	3
201.88	4
202.3	1
202.74	2
203.16	3
203.59	4
204.02	1
204.45	2
204.87	3
205.31	4
205.78	1
206.27	2
206.76	3
207.23	4
207.67	1
208.09	2
208.52	3
208.94	4
209.38	1
209.8	2
210.24	3
210.66	4
211.09	1
211.52	2
211.95	3
212.39	4
212.82	1
213.24	2
213.71	3
214.19	4
214.69	1
215.16	2
215.65	3
216.12	4
216.61	1
217.09	2
