0.02	1
0.35	2
0.68	3
1.02	4
1.35	1
1.69	2
2.02	3
2.35	4
2.69	1
3.02	2
3.35	3
3.68	4
4.01	1
4.35	2
4.67	3
5.02	4
5.34	1
5.68	2
6.01	3
6.35	4
6.69	1
7.01	2
7.35	3
7.69	4
8.01	1
8.35	2
8.68	3
9.02	4
9.35	1
9.68	2
10.02	3
10.35	4
10.67	1
11.02	2
11.35	3
11.67	4
12.02	1
12.35	2
12.68	3
13.02	4
13.34	1
13.68	2
14.01	3
14.34	4
14.68	1
15.01	2
15.35	3
15.68	4
16.03	1
16.35	2
16.68	3
17.01	4
17.35	1
17.68	2
18.02	3
18.35	4
18.69	1
19.02	2
19.35	3
19.68	4
20.02	1
20.35	2
20.68	3
21.02	4
21.37	1
21.68	2
22.02	3
22.36	4
22.68	1
23.03	2
23.35	3
23.69	4
24.03	1
24.36	2
24.69	3
25.02	4
25.36	1
25.69	2
26.02	3
26.35	4
26.7	1
27.02	2
27.35	3
27.69	4
28.03	1
28.36	2
28.68	3
29.0	4
29.36	1
29.69	2
30.02	3
30.36	4
30.69	1
31.02	2
31.35	3
31.69	4
32.03	1
32.36	2
32.68	3
33.02	4
33.36	1
33.69	2
34.02	3
34.34	4
34.69	1
35.01	2
35.35	3
35.69	4
36.02	1
36.36	2
36.68	3
37.02	4
37.37	1
37.69	2
38.01	3
38.35	4
38.69	1
39.02	2
39.35	3
39.68	4
40.02	1
40.35	2
40.69	3
41.02	4
41.35	1
41.69	2
42.02	3
42.36	4
42.7	1
43.02	2
43.35	3
43.68	4
44.01	1
44.36	2
44.68	3
45.01	4
45.36	1
45.69	2
46.02	3
46.36	4
46.69	1
47.02	2
47.36	3
47.69	4
48.03	1
48.37	2
48.7	3
49.03	4
49.36	1
49.69	2
50.03	3
50.35	4
50.69	1
51.02	2
51.36	3
51.69	4
52.03	1
52.36	2
52.69	3
53.03	4
53.36	1
53.68	2
54.03	3
54.36	4
54.7	1
55.03	2
55.36	3
55.69	4
56.03	1
56.36	2
56.69	3
57.02	4
57.35	1
57.69	2
58.03	3
58.36	4
58.7	1
59.03	2
59.36	3
59.7	4
60.03	1
60.36	2
60.68	3
61.02	4
61.36	1
61.69	2
62.03	3
62.36	4
62.69	1
63.03	2
63.36	3
63.69	4
64.02	1
64.34	2
64.69	3
65.03	4
65.36	1
65.69	2
66.03	3
66.36	4
66.7	1
67.03	2
67.36	3
67.69	4
68.03	1
68.36	2
68.68	3
69.03	4
69.36	1
69.69	2
70.02	3
70.36	4
70.69	1
71.03	2
71.36	3
71.68	4
72.03	1
72.36	2
72.69	3
73.03	4
73.36	1
73.69	2
74.02	3
74.36	4
74.69	1
75.01	2
75.36	3
75.69	4
76.02	1
76.36	2
76.69	3
77.02	4
77.37	1
77.69	2
78.02	3
78.35	4
78.69	1
79.02	2
79.35	3
79.69	4
80.03	1
80.35	2
80.69	3
81.02	4
81.36	1
81.69	2
82.02	3
82.35	4
82.69	1
83.02	2
83.36	3
83.69	4
84.02	1
84.36	2
84.68	3
85.02	4
85.36	1
85.69	2
86.02	3
86.36	4
86.68	1
87.02	2
87.35	3
87.68	4
88.03	1
88.35	2
88.68	3
89.02	4
89.35	1
89.69	2
90.01	3
90.35	4
90.69	1
91.02	2
91.35	3
91.69	4
92.02	1
92.35	2
92.68	3
93.01	4
93.36	1
93.69	2
94.02	3
94.36	4
94.69	1
95.02	2
95.35	3
95.68	4
96.02	1
96.35	2
96.69	3
97.02	4
97.35	1
97.7	2
98.02	3
98.35	4
98.7	1
99.02	2
99.36	3
99.69	4
100.02	1
100.36	2
100.69	3
101.02	4
101.37	1
101.7	2
102.04	3
102.36	4
102.69	1
103.02	2
103.36	3
103.68	4
104.02	1
104.36	2
104.69	3
105.02	4
105.36	1
105.7	2
106.03	3
106.35	4
106.69	1
107.03	2
107.36	3
107.69	4
108.02	1
108.36	2
108.69	3
109.02	4
109.36	1
109.7	2
110.02	3
110.36	4
110.69	1
111.02	2
111.36	3
111.7	4
112.03	1
112.37	2
112.7	3
113.02	4
113.37	1
113.7	2
114.02	3
114.36	4
114.7	1
115.02	2
115.36	3
115.69	4
116.03	1
116.36	2
116.69	3
117.03	4
117.35	1
117.67	2
118.02	3
118.36	4
118.69	1
119.02	2
119.36	3
119.69	4
120.02	1
120.36	2
120.69	3
121.03	4
121.36	1
121.69	2
122.02	3
122.36	4
122.69	1
123.03	2
123.36	3
123.69	4
124.02	1
124.36	2
124.69	3
125.03	4
125.36	1
125.7	2
126.03	3
126.36	4
126.69	1
127.03	2
127.36	3
127.69	4
128.04	1
128.37	2
128.7	3
129.02	4
129.34	1
129.69	2
130.03	3
130.36	4
130.7	1
131.03	2
131.36	3
131.7	4
132.04	1
132.36	2
132.69	3
133.02	4
133.36	1
133.69	2
134.02	3
134.35	4
134.69	1
135.02	2
135.36	3
135.69	4
136.03	1
136.36	2
136.69	3
137.01	4
137.36	1
137.69	2
138.02	3
138.36	4
138.69	1
139.03	2
139.36	3
139.71	4
140.03	1
140.37	2
140.69	3
141.02	4
141.36	1
141.69	2
142.03	3
142.37	4
142.69	1
143.03	2
143.36	3
143.69	4
144.0	1
144.34	2
144.68	3
145.03	4
145.36	1
145.69	2
146.02	3
146.37	4
146.69	1
147.02	2
147.36	3
147.69	4
148.02	1
148.35	2
148.68	3
149.02	4
149.37	1
149.68	2
150.02	3
150.36	4
150.69	1
151.02	2
151.35	3
151.68	4
152.04	1
152.36	2
152.69	3
153.02	4
153.35	1
153.69	2
154.02	3
154.34	4
154.69	1
155.02	2
155.35	3
155.69	4
156.02	1
156.36	2
156.69	3
157.02	4
157.36	1
157.68	2
158.02	3
158.35	4
158.69	1
159.02	2
159.35	3
159.68	4
160.03	1
160.35	2
160.69	3
161.02	4
161.35	1
161.69	2
162.02	3
162.35	4
162.7	1
163.02	2
163.35	3
163.69	4
164.02	1
164.35	2
164.68	3
165.02	4
165.37	1
165.68	2
166.02	3
166.35	4
166.69	1
167.02	2
167.35	3
167.68	4
168.03	1
168.35	2
168.69	3
169.02	4
169.35	1
169.69	2
170.02	3
170.35	4
170.7	1
171.02	2
171.36	3
171.69	4
172.02	1
172.36	2
172.69	3
173.02	4
173.37	1
173.69	2
174.02	3
174.36	4
174.69	1
175.02	2
175.35	3
175.69	4
176.03	1
176.37	2
176.7	3
177.02	4
177.36	1
177.69	2
178.03	3
178.36	4
178.69	1
179.02	2
179.36	3
179.69	4
180.03	1
180.36	2
180.69	3
181.03	4
181.36	1
181.7	2
182.03	3
182.37	4
182.69	1
183.02	2
183.36	3
183.68	4
184.0	1
184.35	2
184.69	3
185.02	4
185.36	1
185.69	2
186.03	3
186.36	4
186.69	1
187.02	2
187.36	3
187.7	4
188.02	1
188.35	2
188.69	3
189.02	4
189.37	1
189.69	2
190.03	3
190.36	4
190.68	1
191.03	2
191.36	3
191.68	4
192.01	1
192.35	2
192.69	3
193.02	4
193.36	1
193.69	2
194.03	3
194.36	4
194.69	1
195.03	2
195.36	3
195.69	4
196.02	1
196.36	2
196.68	3
197.03	4
197.36	1
197.7	2
198.03	3
198.36	4
198.69	1
199.02	2
199.35	3
199.67	4
200.02	1
200.36	2
200.69	3
201.03	4
201.37	1
201.7	2
202.02	3
202.36	4
202.69	1
203.03	2
203.36	3
203.69	4
204.03	1
204.36	2
204.69	3
205.03	4
205.36	1
205.69	2
206.03	3
206.36	4
206.69	1
207.02	2
207.36	3
207.69	4
208.02	1
208.36	2
208.7	3
209.03	4
209.36	1
209.69	2
210.02	3
210.34	4
210.67	1
211.02	2
211.36	3
211.69	4
212.03	1
212.36	2
212.69	3
213.02	4
213.36	1
213.67	2
214.02	3
214.35	4
214.67	1
215.03	2
215.36	3
215.69	4
216.03	1
216.36	2
216.69	3
217.02	4
217.36	1
217.69	2
218.02	3
218.36	4
218.69	1
219.03	2
219.36	3
219.69	4
220.02	1
220.36	2
220.69	3
221.02	4
221.35	1
221.68	2
222.02	3
222.36	4
222.7	1
223.02	2
223.35	3
223.7	4
224.01	1
224.36	2
224.69	3
225.02	4
225.36	1
225.69	2
226.02	3
226.36	4
226.69	1
227.03	2
227.35	3
227.69	4
228.03	1
228.36	2
228.69	3
229.02	4
229.36	1
229.69	2
230.02	3
230.36	4
230.69	1
231.02	2
231.35	3
231.69	4
232.03	1
232.35	2
232.69	3
233.02	4
233.35	1
233.69	2
234.02	3
234.35	4
234.7	1
235.02	2
235.36	3
235.69	4
236.02	1
236.36	2
236.68	3
237.02	4
237.36	1
237.69	2
238.02	3
238.36	4
238.69	1
239.02	2
239.35	3
239.69	4
240.03	1
240.35	2
240.68	3
241.02	4
241.35	1
241.68	2
242.01	3
242.35	4
242.69	1
243.02	2
243.35	3
243.68	4
244.02	1
244.35	2
244.68	3
245.02	4
245.35	1
245.68	2
246.02	3
246.35	4
246.68	1
247.01	2
247.35	3
247.68	4
248.02	1
248.37	2
248.75	3
249.1	4
