0.06	1
0.5	2
0.94	3
1.4	4
1.82	1
2.26	2
2.71	3
3.14	4
3.6	1
4.04	2
4.48	3
4.91	4
5.35	1
5.79	2
6.25	3
6.69	4
7.15	1
7.58	2
8.03	3
8.49	4
8.94	1
9.38	2
9.83	3
10.3	4
10.74	1
11.17	2
11.61	3
12.05	4
12.5	1
12.93	2
13.37	3
13.82	4
14.26	1
14.71	2
15.14	3
15.6	4
16.05	1
16.48	2
16.94	3
17.38	4
17.85	1
18.28	2
18.72	3
19.15	4
19.61	1
20.05	2
20.49	3
20.93	4
21.38	1
21.82	2
22.28	3
22.71	4
23.16	1
23.6	2
24.03	3
24.48	4
24.93	1
25.37	2
25.83	3
26.26	4
26.71	1
27.16	2
27.6	3
28.04	4
28.48	1
28.94	2
29.37	3
29.82	4
30.27	1
30.71	2
31.16	3
31.6	4
32.04	1
32.48	2
32.93	3
33.37	4
33.82	1
34.27	2
34.71	3
35.15	4
35.59	1
36.05	2
36.49	3
36.93	4
37.38	1
37.83	2
38.28	3
38.71	4
39.16	1
39.61	2
40.05	3
40.49	4
40.94	1
41.37	2
41.83	3
42.27	4
42.72	1
43.17	2
43.61	3
44.05	4
44.5	1
44.94	2
45.39	3
45.82	4
46.26	1
46.71	2
47.14	3
47.59	4
48.03	1
48.48	2
48.92	3
49.37	4
49.83	1
50.26	2
50.72	3
51.16	4
51.61	1
52.04	2
52.49	3
52.94	4
53.38	1
53.82	2
54.26	3
54.71	4
55.16	1
55.59	2
56.05	3
56.49	4
56.94	1
57.39	2
57.82	3
58.26	4
58.7	1
59.15	2
59.6	3
60.04	4
60.47	1
60.93	2
61.38	3
61.83	4
62.26	1
62.72	2
63.17	3
63.61	4
64.04	1
64.49	2
64.94	3
65.36	4
65.81	1
66.26	2
66.71	3
67.15	4
67.61	1
68.05	2
68.5	3
68.94	4
69.38	1
69.82	2
70.27	3
70.71	4
71.16	1
71.59	2
72.04	3
72.49	4
72.94	1
73.38	2
73.82	3
74.27	4
74.72	1
75.17	2
75.6	3
76.04	4
76.5	1
76.92	2
77.38	3
77.82	4
78.25	1
78.7	2
79.12	3
79.59	4
80.04	1
80.48	2
80.93	3
81.38	4
81.82	1
82.27	2
82.71	3
83.15	4
83.6	1
84.05	2
84.49	3
84.93	4
85.37	1
85.83	2
86.28	3
86.71	4
87.16	1
87.6	2
88.05	3
88.49	4
88.94	1
89.37	2
89.82	3
90.24	4
90.71	1
91.16	2
91.6	3
92.04	4
92.5	1
92.93	2
93.39	3
93.82	4
94.27	1
94.7	2
95.15	3
95.59	4
96.05	1
96.49	2
96.94	3
97.38	4
97.84	1
98.27	2
98.71	3
99.16	4
99.6	1
100.04	2
100.49	3
100.93	4
101.37	1
101.82	2
102.26	3
102.7	4
103.17	1
103.61	2
104.05	3
104.49	4
104.94	1
105.37	2
105.82	3
106.25	4
106.7	1
107.15	2
107.6	3
108.04	4
108.48	1
108.93	2
109.37	3
109.8	4
110.26	1
110.71	2
111.16	3
111.59	4
112.04	1
112.49	2
112.93	3
113.38	4
113.81	1
114.27	2
114.71	3
115.15	4
115.6	1
116.04	2
116.51	3
116.93	4
117.37	1
117.82	2
118.25	3
118.71	4
119.16	1
119.59	2
120.04	3
120.49	4
120.96	1
121.39	2
121.82	3
122.26	4
122.72	1
123.16	2
123.6	3
124.04	4
124.49	1
124.92	2
125.38	3
125.82	4
126.27	1
126.74	2
127.18	3
127.63	4
128.07	1
128.5	2
128.96	3
129.4	4
129.82	1
130.26	2
130.71	3
131.15	4
131.6	1
132.03	2
132.48	3
132.92	4
133.37	1
133.81	2
134.27	3
134.71	4
135.16	1
135.6	2
136.03	3
136.49	4
136.93	1
137.37	2
137.8	3
138.25	4
138.71	1
139.16	2
139.59	3
140.04	4
140.49	1
140.93	2
141.38	3
141.81	4
142.27	1
142.71	2
143.18	3
143.6	4
144.05	1
144.5	2
144.92	3
145.37	4
145.81	1
146.27	2
146.71	3
147.16	4
147.61	1
148.05	2
148.5	3
148.95	4
149.42	1
149.86	2
150.29	3
150.73	4
151.17	1
151.6	2
152.05	3
152.49	4
152.93	1
153.37	2
153.84	3
154.27	4
154.73	1
155.16	2
155.6	3
156.05	4
156.48	1
156.93	2
157.38	3
157.82	4
158.26	1
158.7	2
159.14	3
159.59	4
160.05	1
160.5	2
160.95	3
161.39	4
161.83	1
162.27	2
162.71	3
163.16	4
163.58	1
164.04	2
164.5	3
164.93	4
165.38	1
165.83	2
166.29	3
166.71	4
167.17	1
167.6	2
168.03	3
168.49	4
168.93	1
169.37	2
169.81	3
170.26	4
170.71	1
171.16	2
171.6	3
172.05	4
172.49	1
172.94	2
173.37	3
173.82	4
174.27	1
174.7	2
175.15	3
175.58	4
176.05	1
176.48	2
176.95	3
177.38	4
177.83	1
178.27	2
178.71	3
179.16	4
179.6	1
180.05	2
180.48	3
180.93	4
181.38	1
181.82	2
182.27	3
182.72	4
183.17	1
183.6	2
184.06	3
184.49	4
184.94	1
185.38	2
185.81	3
186.26	4
186.71	1
187.15	2
187.6	3
188.05	4
188.5	1
188.94	2
189.38	3
189.81	4
190.27	1
190.71	2
191.13	3
191.59	4
192.04	1
192.49	2
192.93	3
193.38	4
193.82	1
194.27	2
194.71	3
195.15	4
195.58	1
196.04	2
196.47	3
196.92	4
197.38	1
197.82	2
198.26	3
198.71	4
199.16	1
199.61	2
200.05	3
200.48	4
200.93	1
201.38	2
201.82	3
202.26	4
202.7	1
203.17	2
203.61	3
204.09	4
204.55	1
205.01	2
205.45	3
205.92	4
206.39	1
206.84	2
207.32	3
207.8	4
208.27	1
208.74	2
209.21	3
