0.07	2
0.43	3
0.78	4
1.11	1
1.46	2
1.82	3
2.16	4
2.51	1
2.88	2
3.23	3
3.57	4
3.91	1
4.27	2
4.62	3
4.96	4
5.31	1
5.68	2
6.02	3
6.35	4
6.68	1
7.04	2
7.36	3
7.7	4
8.06	1
8.4	2
8.73	3
9.04	4
9.37	1
9.7	2
10.04	3
10.38	4
10.71	1
11.02	2
11.37	3
11.68	4
12.02	1
12.35	2
12.67	3
13.02	4
13.34	1
13.66	2
13.99	3
14.34	4
14.65	1
14.98	2
15.31	3
15.64	4
15.98	1
16.34	2
16.66	3
17.02	4
17.34	1
17.69	2
18.04	3
18.36	4
18.7	1
19.05	2
19.39	3
19.73	4
20.06	1
20.39	2
20.7	3
21.05	4
21.37	1
21.71	2
22.03	3
22.37	4
22.69	1
23.02	2
23.36	3
23.68	4
24.02	1
24.35	2
24.68	3
25.01	4
25.32	1
25.65	2
25.98	3
26.31	4
26.67	1
27.01	2
27.34	3
27.69	4
28.01	1
28.35	2
28.71	3
29.02	4
29.36	1
29.7	2
30.03	3
30.36	4
30.67	1
31.02	2
31.35	3
31.68	4
32.01	1
32.34	2
32.67	3
32.99	4
33.33	1
33.67	2
34.01	3
34.34	4
34.69	1
35.02	2
35.35	3
35.68	4
36.01	1
36.34	2
36.68	3
37.02	4
37.35	1
37.68	2
38.01	3
38.34	4
38.67	1
39.01	2
39.35	3
39.68	4
40.02	1
40.36	2
40.68	3
41.01	4
41.34	1
41.69	2
42.01	3
42.35	4
42.68	1
43.01	2
43.35	3
43.67	4
44.02	1
44.36	2
44.68	3
45.02	4
45.34	1
45.67	2
46.01	3
46.34	4
46.67	1
47.01	2
47.34	3
47.68	4
48.01	1
48.35	2
48.68	3
49.01	4
49.35	1
49.69	2
50.01	3
50.35	4
50.68	1
51.01	2
51.34	3
51.67	4
52.0	1
52.35	2
52.68	3
53.01	4
53.34	1
53.68	2
54.01	3
54.34	4
54.68	1
55.01	2
55.34	3
55.68	4
56.01	1
56.34	2
56.68	3
57.02	4
57.34	1
57.68	2
58.01	3
58.34	4
58.67	1
59.01	2
59.34	3
59.67	4
60.01	1
60.35	2
60.68	3
61.01	4
61.34	1
61.67	2
62.02	3
62.34	4
62.67	1
63.01	2
63.34	3
63.67	4
64.01	1
64.35	2
64.68	3
65.02	4
65.36	1
65.68	2
66.01	3
66.35	4
66.68	1
67.01	2
67.34	3
67.67	4
68.01	1
68.33	2
68.67	3
69.0	4
69.34	1
69.68	2
70.01	3
70.34	4
70.68	1
71.01	2
71.35	3
71.68	4
72.01	1
72.35	2
72.67	3
73.01	4
73.32	1
73.68	2
74.01	3
74.34	4
74.68	1
75.01	2
75.34	3
75.68	4
76.01	1
76.34	2
76.67	3
77.01	4
77.34	1
77.67	2
78.01	3
78.34	4
78.67	1
79.01	2
79.34	3
79.67	4
80.01	1
80.33	2
80.68	3
81.01	4
81.34	1
81.67	2
82.01	3
82.34	4
82.67	1
83.0	2
83.34	3
83.67	4
84.0	1
84.33	2
84.68	3
85.01	4
85.34	1
85.68	2
86.01	3
86.34	4
86.67	1
87.01	2
87.34	3
87.68	4
88.01	1
88.34	2
88.67	3
89.0	4
89.31	1
89.65	2
90.0	3
90.34	4
90.68	1
91.01	2
91.34	3
91.68	4
92.01	1
92.34	2
92.67	3
93.02	4
93.34	1
93.68	2
94.01	3
94.34	4
94.65	1
94.98	2
95.34	3
95.67	4
96.01	1
96.34	2
96.67	3
97.01	4
97.34	1
97.68	2
98.01	3
98.34	4
98.67	1
99.01	2
99.34	3
99.68	4
100.01	1
100.35	2
100.68	3
101.0	4
101.34	1
101.67	2
102.01	3
102.34	4
102.68	1
103.01	2
103.35	3
103.68	4
104.01	1
104.33	2
104.68	3
105.01	4
105.34	1
105.67	2
106.01	3
106.34	4
106.67	1
107.01	2
107.35	3
107.68	4
108.01	1
108.34	2
108.67	3
109.01	4
109.34	1
109.65	2
110.01	3
110.35	4
110.68	1
111.01	2
111.35	3
111.69	4
112.01	1
112.34	2
112.69	3
113.0	4
113.34	1
113.66	2
114.01	3
114.32	4
114.67	1
115.01	2
115.34	3
115.67	4
116.01	1
116.35	2
116.7	3
117.02	4
117.34	1
117.69	2
118.01	3
118.35	4
118.68	1
119.0	2
119.34	3
119.67	4
120.01	1
120.35	2
120.69	3
121.01	4
121.34	1
121.68	2
122.01	3
122.33	4
122.68	1
123.02	2
123.34	3
123.68	4
124.02	1
124.35	2
124.69	3
125.01	4
125.35	1
125.68	2
126.02	3
126.34	4
126.67	1
127.01	2
127.34	3
127.68	4
128.01	1
128.35	2
128.69	3
129.02	4
129.34	1
129.68	2
130.01	3
130.34	4
130.68	1
131.01	2
131.34	3
131.67	4
132.01	1
132.35	2
132.67	3
133.02	4
133.34	1
133.68	2
134.01	3
134.34	4
134.67	1
135.01	2
135.34	3
135.68	4
136.01	1
136.35	2
136.68	3
137.01	4
137.35	1
137.69	2
138.01	3
138.35	4
138.68	1
139.01	2
139.34	3
139.67	4
140.01	1
140.34	2
140.68	3
141.01	4
141.34	1
141.67	2
142.01	3
142.34	4
142.68	1
142.99	2
143.34	3
143.68	4
144.01	1
144.35	2
144.68	3
145.02	4
145.34	1
145.68	2
146.01	3
146.34	4
146.67	1
147.01	2
147.34	3
147.67	4
148.01	1
148.34	2
148.68	3
149.03	4
149.34	1
149.67	2
150.01	3
150.34	4
150.67	1
151.01	2
151.34	3
151.66	4
152.01	1
152.34	2
152.68	3
153.02	4
153.36	1
153.69	2
154.01	3
154.35	4
154.68	1
155.02	2
155.34	3
155.67	4
156.01	1
156.34	2
156.68	3
157.01	4
157.34	1
157.68	2
158.01	3
158.34	4
158.68	1
159.01	2
159.34	3
159.65	4
160.0	1
160.33	2
160.67	3
161.01	4
161.34	1
161.67	2
162.01	3
162.34	4
162.68	1
163.01	2
163.34	3
163.67	4
164.01	1
164.34	2
164.67	3
165.03	4
165.35	1
165.69	2
166.01	3
166.35	4
166.67	1
167.01	2
167.34	3
167.67	4
168.01	1
168.34	2
168.67	3
169.01	4
169.34	1
169.68	2
170.01	3
170.35	4
170.67	1
171.01	2
171.34	3
171.67	4
172.0	1
172.34	2
172.68	3
173.01	4
173.33	1
173.67	2
174.01	3
174.33	4
174.67	1
175.01	2
175.34	3
175.68	4
176.01	1
176.34	2
176.67	3
177.02	4
177.33	1
177.66	2
178.01	3
178.34	4
178.67	1
179.01	2
179.35	3
179.68	4
180.02	1
180.35	2
180.68	3
181.01	4
181.34	1
181.67	2
182.01	3
182.35	4
182.68	1
182.99	2
183.34	3
183.66	4
184.0	1
184.33	2
184.67	3
185.01	4
185.33	1
185.67	2
186.01	3
186.35	4
186.67	1
187.01	2
187.34	3
187.68	4
188.01	1
188.34	2
188.68	3
189.01	4
189.34	1
189.67	2
190.01	3
190.34	4
190.68	1
191.01	2
191.34	3
191.65	4
192.0	1
192.31	2
192.67	3
193.01	4
193.34	1
193.68	2
194.01	3
194.34	4
194.67	1
195.01	2
195.34	3
195.67	4
196.01	1
196.34	2
196.67	3
196.98	4
197.34	1
197.68	2
198.01	3
198.34	4
198.68	1
199.01	2
199.34	3
199.67	4
200.01	1
200.34	2
200.68	3
201.01	4
201.34	1
201.66	2
202.0	3
202.35	4
202.67	1
203.01	2
203.34	3
203.68	4
204.01	1
204.34	2
204.67	3
205.01	4
205.34	1
205.66	2
206.01	3
206.34	4
206.68	1
207.01	2
207.35	3
207.68	4
208.01	1
208.35	2
208.68	3
209.01	4
209.34	1
209.67	2
210.01	3
210.34	4
210.67	1
211.01	2
211.34	3
211.68	4
212.01	1
212.34	2
212.67	3
213.01	4
213.34	1
213.68	2
214.01	3
214.35	4
214.68	1
215.01	2
215.34	3
215.68	4
216.01	1
216.34	2
216.67	3
217.01	4
217.35	1
217.67	2
218.01	3
218.35	4
218.67	1
219.01	2
219.34	3
219.68	4
220.03	1
220.35	2
220.67	3
221.01	4
221.34	1
221.67	2
222.01	3
222.34	4
222.67	1
223.01	2
223.35	3
223.68	4
224.01	1
224.35	2
224.67	3
225.01	4
225.34	1
225.67	2
226.01	3
226.33	4
226.68	1
227.01	2
227.34	3
227.68	4
228.01	1
228.34	2
228.67	3
229.01	4
229.34	1
229.68	2
230.01	3
230.34	4
230.67	1
231.02	2
231.34	3
231.68	4
232.01	1
232.34	2
232.68	3
233.01	4
233.35	1
233.67	2
234.0	3
234.34	4
234.67	1
235.0	2
235.34	3
235.67	4
236.0	1
236.34	2
236.68	3
237.01	4
237.35	1
237.67	2
238.01	3
238.34	4
238.67	1
239.01	2
239.35	3
239.68	4
240.01	1
240.34	2
240.68	3
241.01	4
241.34	1
241.66	2
242.01	3
242.34	4
242.68	1
243.01	2
243.35	3
243.67	4
244.0	1
244.33	2
244.68	3
245.01	4
245.34	1
245.67	2
246.0	3
246.33	4
246.67	1
247.01	2
247.34	3
247.67	4
248.01	1
248.35	2
248.67	3
249.01	4
249.33	1
249.66	2
250.0	3
250.33	4
250.67	1
251.0	2
251.34	3
251.68	4
252.01	1
252.35	2
252.68	3
253.02	4
253.34	1
253.68	2
254.01	3
254.34	4
254.68	1
255.0	2
255.34	3
255.65	4
256.0	1
256.31	2
256.67	3
257.01	4
257.34	1
257.68	2
258.01	3
258.34	4
258.67	1
259.01	2
259.34	3
259.67	4
260.01	1
260.34	2
260.68	3
261.02	4
261.34	1
261.67	2
262.01	3
262.34	4
262.68	1
263.01	2
263.34	3
263.67	4
264.01	1
264.34	2
264.67	3
265.01	4
265.34	1
265.67	2
266.01	3
266.34	4
266.67	1
267.01	2
267.34	3
267.67	4
268.01	1
268.35	2
268.68	3
269.01	4
269.34	1
269.66	2
270.01	3
270.34	4
270.67	1
271.0	2
271.34	3
271.67	4
272.01	1
272.34	2
272.67	3
273.01	4
273.34	1
273.68	2
274.01	3
274.33	4
274.67	1
274.98	2
275.31	3
275.66	4
275.99	1
276.32	2
276.64	3
276.98	4
277.29	1
277.62	2
277.97	3
278.3	4
278.63	1
278.96	2
279.28	3
279.6	4
279.95	1
280.28	2
280.61	3
280.92	4
281.27	1
281.58	2
281.91	3
282.24	4
282.59	1
282.91	2
283.25	3
283.57	4
283.89	1
284.22	2
284.57	3
284.9	4
285.21	1
285.56	2
285.87	3
286.2	4
286.54	1
286.86	2
287.19	3
287.52	4
287.86	1
288.2	2
288.52	3
288.86	4
289.2	1
289.54	2
289.9	3
290.22	4
290.58	1
290.92	2
291.26	3
