0.0	2
0.36	3
0.71	4
1.05	1
1.4	2
1.74	3
2.08	4
2.42	1
2.76	2
3.11	3
3.44	4
3.79	1
4.14	2
4.47	3
4.8	4
5.15	1
5.48	2
5.83	3
6.17	4
6.52	1
6.86	2
7.2	3
7.54	4
7.86	1
8.21	2
8.56	3
8.89	4
9.24	1
9.56	2
9.9	3
10.25	4
10.6	1
10.93	2
11.27	3
11.61	4
11.96	1
12.29	2
12.63	3
12.98	4
13.32	1
13.66	2
14.01	3
14.34	4
14.68	1
15.02	2
15.36	3
15.71	4
16.05	1
16.39	2
16.73	3
17.07	4
17.41	1
17.75	2
18.08	3
18.42	4
18.77	1
19.11	2
19.45	3
19.78	4
20.13	1
20.46	2
20.81	3
21.15	4
21.5	1
21.84	2
22.18	3
22.53	4
22.87	1
23.21	2
23.54	3
23.89	4
24.22	1
24.57	2
24.91	3
25.25	4
25.59	1
25.94	2
26.26	3
26.61	4
26.95	1
27.3	2
27.64	3
27.97	4
28.32	1
28.66	2
29.0	3
29.34	4
29.68	1
30.02	2
30.36	3
30.71	4
31.04	1
31.39	2
31.72	3
32.07	4
32.41	1
32.75	2
33.08	3
33.43	4
33.76	1
34.11	2
34.45	3
34.8	4
35.13	1
35.49	2
35.83	3
36.16	4
36.5	1
36.84	2
37.18	3
37.52	4
37.86	1
38.2	2
38.56	3
38.88	4
39.22	1
39.56	2
39.91	3
40.24	4
40.59	1
40.92	2
41.28	3
41.62	4
41.95	1
42.3	2
42.63	3
42.98	4
43.31	1
43.66	2
43.99	3
44.32	4
44.68	1
45.02	2
45.36	3
45.69	4
46.04	1
46.39	2
46.73	3
47.07	4
47.42	1
47.75	2
48.09	3
48.43	4
48.77	1
49.12	2
49.47	3
49.8	4
50.13	1
50.48	2
50.82	3
51.16	4
51.5	1
51.84	2
52.18	3
52.53	4
52.86	1
53.2	2
53.54	3
53.88	4
54.21	1
54.57	2
54.91	3
55.25	4
55.59	1
55.93	2
56.27	3
56.61	4
56.93	1
57.3	2
57.63	3
57.98	4
58.32	1
58.66	2
59.01	3
59.34	4
59.68	1
60.02	2
60.38	3
60.7	4
61.05	1
61.39	2
61.72	3
62.07	4
62.42	1
62.75	2
63.1	3
63.43	4
63.78	1
64.11	2
64.45	3
64.79	4
65.14	1
65.48	2
65.82	3
66.16	4
66.5	1
66.84	2
67.18	3
67.51	4
67.86	1
68.2	2
68.54	3
68.86	4
69.22	1
69.57	2
69.91	3
70.26	4
70.6	1
70.93	2
71.28	3
71.62	4
71.95	1
72.3	2
72.64	3
72.98	4
73.33	1
73.65	2
74.0	3
74.33	4
74.68	1
75.02	2
75.36	3
75.7	4
76.04	1
76.38	2
76.73	3
77.06	4
77.39	1
77.74	2
78.09	3
78.42	4
78.76	1
79.1	2
79.45	3
79.8	4
80.14	1
80.48	2
80.82	3
81.16	4
81.5	1
81.84	2
82.2	3
82.52	4
82.86	1
83.2	2
83.55	3
83.88	4
84.23	1
84.57	2
84.91	3
85.25	4
85.59	1
85.93	2
86.27	3
86.61	4
86.95	1
87.28	2
87.63	3
87.98	4
88.3	1
88.66	2
89.0	3
89.33	4
89.67	1
90.01	2
90.36	3
90.7	4
91.04	1
91.38	2
91.72	3
92.07	4
92.41	1
92.75	2
93.08	3
93.42	4
93.76	1
94.1	2
94.45	3
94.79	4
95.13	1
95.46	2
95.82	3
96.15	4
96.5	1
96.84	2
97.17	3
97.53	4
97.86	1
98.2	2
98.54	3
98.89	4
99.22	1
99.57	2
99.9	3
100.24	4
100.58	1
100.93	2
101.28	3
101.61	4
101.94	1
102.29	2
102.64	3
102.98	4
103.32	1
103.66	2
104.0	3
104.34	4
104.68	1
105.02	2
105.36	3
105.72	4
106.04	1
106.38	2
106.73	3
107.06	4
107.4	1
107.74	2
108.08	3
108.43	4
108.77	1
109.11	2
109.45	3
109.79	4
110.13	1
110.47	2
110.82	3
111.15	4
111.49	1
111.83	2
112.18	3
112.52	4
112.86	1
113.19	2
113.54	3
113.88	4
114.22	1
114.56	2
114.91	3
115.25	4
115.58	1
115.93	2
116.27	3
116.62	4
116.94	1
117.29	2
117.64	3
117.96	4
118.31	1
118.66	2
118.98	3
119.33	4
119.68	1
120.01	2
120.36	3
120.7	4
121.04	1
121.39	2
121.73	3
122.07	4
122.41	1
122.75	2
123.09	3
123.43	4
123.77	1
124.11	2
124.46	3
124.8	4
125.15	1
125.47	2
125.81	3
126.15	4
126.49	1
126.84	2
127.18	3
127.52	4
127.85	1
128.2	2
128.55	3
128.88	4
129.22	1
129.56	2
129.91	3
130.24	4
130.61	1
130.93	2
131.28	3
131.61	4
131.97	1
132.29	2
132.64	3
132.97	4
133.33	1
133.65	2
133.99	3
134.33	4
134.69	1
135.02	2
135.36	3
135.7	4
136.05	1
136.39	2
136.73	3
137.06	4
137.4	1
137.74	2
138.09	3
138.43	4
138.76	1
139.11	2
139.46	3
139.8	4
140.14	1
140.48	2
140.82	3
141.16	4
141.51	1
141.84	2
142.18	3
142.52	4
142.86	1
143.21	2
143.55	3
143.88	4
144.24	1
144.57	2
144.9	3
145.24	4
145.58	1
145.93	2
146.26	3
146.62	4
146.95	1
147.3	2
147.64	3
147.97	4
148.32	1
148.66	2
149.0	3
149.34	4
149.68	1
150.02	2
150.37	3
150.7	4
151.05	1
151.39	2
151.72	3
152.07	4
152.41	1
152.75	2
153.09	3
153.43	4
153.76	1
154.11	2
154.45	3
154.78	4
155.13	1
155.48	2
155.81	3
156.15	4
156.5	1
156.84	2
157.17	3
157.51	4
157.85	1
158.2	2
158.54	3
158.87	4
159.23	1
159.57	2
159.91	3
160.25	4
160.59	1
160.93	2
161.29	3
161.61	4
161.95	1
162.29	2
162.64	3
162.98	4
163.32	1
163.66	2
164.0	3
164.34	4
164.68	1
165.02	2
165.36	3
165.7	4
166.04	1
166.38	2
166.71	3
167.05	4
167.39	1
167.73	2
168.07	3
168.43	4
168.78	1
169.14	2
169.46	3
169.81	4
170.14	1
170.48	2
170.82	3
171.18	4
171.5	1
171.84	2
172.2	3
172.54	4
172.86	1
173.2	2
173.54	3
173.89	4
174.22	1
174.56	2
174.9	3
175.24	4
175.59	1
175.93	2
176.27	3
176.61	4
176.95	1
177.29	2
177.64	3
177.97	4
178.31	1
178.66	2
179.0	3
179.34	4
179.69	1
180.02	2
180.36	3
180.7	4
181.05	1
181.38	2
181.73	3
182.06	4
182.4	1
182.74	2
183.09	3
183.43	4
183.76	1
184.11	2
184.45	3
184.79	4
185.13	1
185.47	2
185.81	3
186.16	4
186.5	1
186.83	2
187.18	3
187.51	4
187.86	1
188.19	2
188.54	3
188.88	4
189.22	1
189.58	2
189.91	3
190.25	4
190.6	1
190.93	2
191.27	3
191.61	4
191.96	1
192.3	2
192.63	3
192.97	4
193.32	1
193.65	2
194.0	3
194.33	4
194.67	1
195.01	2
195.37	3
195.69	4
196.04	1
196.38	2
196.72	3
197.06	4
197.4	1
197.73	2
198.08	3
198.42	4
198.76	1
199.09	2
199.45	3
199.8	4
200.14	1
200.47	2
200.82	3
201.15	4
201.5	1
201.84	2
202.17	3
202.51	4
202.87	1
203.2	2
203.54	3
203.88	4
204.23	1
204.56	2
204.89	3
205.24	4
205.59	1
205.92	2
206.27	3
206.61	4
206.93	1
207.29	2
207.63	3
207.97	4
208.31	1
208.65	2
208.99	3
209.33	4
209.67	1
210.02	2
210.36	3
210.69	4
211.05	1
211.37	2
211.73	3
212.07	4
212.41	1
212.74	2
213.08	3
213.42	4
213.76	1
214.11	2
214.45	3
214.78	4
215.14	1
215.48	2
215.81	3
216.16	4
216.51	1
216.83	2
217.18	3
217.52	4
217.86	1
218.19	2
218.55	3
218.88	4
219.22	1
219.56	2
219.91	3
220.24	4
220.59	1
220.93	2
221.25	3
221.59	4
221.93	1
222.28	2
222.62	3
222.97	4
223.33	1
223.65	2
224.01	3
224.35	4
224.69	1
225.03	2
225.37	3
225.7	4
226.05	1
226.38	2
226.73	3
227.07	4
227.4	1
227.73	2
228.09	3
228.43	4
228.76	1
229.09	2
229.43	3
229.79	4
230.11	1
230.47	2
230.81	3
231.13	4
231.47	1
231.83	2
232.16	3
232.5	4
232.83	1
233.17	2
233.54	3
233.89	4
234.24	1
234.59	2
234.94	3
