0.31	1
0.75	2
1.17	3
1.63	4
2.05	1
2.5	2
2.95	3
3.39	4
3.84	1
4.28	2
4.74	3
5.19	4
5.64	1
6.07	2
6.54	3
6.97	4
7.41	1
7.85	2
8.31	3
8.73	4
9.18	1
9.61	2
10.07	3
10.51	4
10.95	1
11.39	2
11.81	3
12.27	4
12.71	1
13.17	2
13.6	3
14.06	4
14.5	1
14.96	2
15.42	3
15.85	4
16.29	1
16.75	2
17.19	3
17.61	4
18.06	1
18.52	2
18.96	3
19.42	4
19.86	1
20.31	2
20.74	3
21.19	4
21.63	1
22.07	2
22.51	3
22.96	4
23.39	1
23.83	2
24.28	3
24.7	4
25.14	1
25.59	2
26.05	3
26.49	4
26.96	1
27.39	2
27.82	3
28.26	4
28.7	1
29.15	2
29.59	3
30.03	4
30.48	1
30.92	2
31.36	3
31.79	4
32.24	1
32.71	2
33.14	3
33.61	4
34.06	1
34.5	2
34.94	3
35.39	4
35.84	1
36.29	2
36.73	3
37.17	4
37.62	1
38.05	2
38.5	3
38.94	4
39.4	1
39.84	2
40.28	3
40.72	4
41.15	1
41.6	2
42.03	3
42.48	4
42.93	1
43.35	2
43.8	3
44.24	4
44.67	1
45.13	2
45.57	3
46.01	4
46.46	1
46.89	2
47.34	3
47.81	4
48.24	1
48.7	2
49.15	3
49.6	4
50.06	1
50.51	2
50.95	3
51.39	4
51.84	1
52.28	2
52.71	3
53.15	4
53.6	1
54.05	2
54.49	3
54.93	4
55.35	1
55.81	2
56.26	3
56.69	4
57.15	1
57.59	2
58.01	3
58.45	4
58.91	1
59.34	2
59.79	3
60.23	4
60.68	1
61.12	2
61.56	3
62.01	4
62.47	1
62.93	2
63.36	3
63.81	4
64.28	1
64.71	2
65.16	3
65.63	4
66.06	1
66.53	2
66.96	3
67.4	4
67.83	1
68.27	2
68.71	3
69.16	4
69.6	1
70.05	2
70.49	3
70.96	4
71.41	1
71.84	2
72.27	3
72.73	4
73.17	1
73.59	2
74.04	3
74.49	4
74.92	1
75.37	2
75.81	3
76.24	4
76.69	1
77.14	2
77.59	3
78.02	4
78.47	1
78.92	2
79.36	3
79.79	4
80.23	1
80.68	2
81.12	3
81.57	4
82.01	1
82.47	2
82.91	3
83.35	4
83.79	1
84.24	2
84.68	3
85.12	4
85.52	1
85.91	2
86.3	3
86.7	4
87.14	1
87.59	2
88.04	3
88.47	4
88.91	1
89.34	2
89.8	3
90.23	4
90.67	1
91.12	2
91.57	3
92.02	4
92.48	1
92.9	2
93.36	3
93.78	4
94.23	1
94.7	2
95.14	3
95.59	4
96.04	1
96.46	2
96.91	3
97.34	4
97.8	1
98.24	2
98.67	3
99.13	4
99.57	1
100.03	2
100.46	3
100.91	4
101.36	1
101.84	2
102.32	3
102.81	4
103.29	1
103.77	2
104.21	3
104.67	4
105.13	1
105.56	2
106.01	3
106.46	4
106.9	1
107.34	2
107.78	3
108.23	4
108.69	1
109.12	2
109.57	3
110.01	4
110.43	1
110.87	2
111.33	3
111.76	4
112.21	1
112.66	2
113.1	3
113.55	4
114.02	1
114.45	2
114.9	3
115.34	4
115.78	1
116.22	2
116.65	3
117.12	4
117.56	1
118.01	2
118.45	3
118.91	4
119.35	1
119.79	2
120.23	3
120.67	4
121.12	1
121.56	2
122.0	3
122.44	4
122.89	1
123.33	2
123.79	3
124.22	4
124.67	1
125.1	2
125.55	3
125.98	4
126.42	1
126.87	2
127.32	3
127.77	4
128.22	1
128.66	2
129.1	3
129.55	4
129.98	1
130.43	2
130.86	3
131.3	4
131.76	1
132.2	2
132.65	3
133.1	4
133.53	1
133.98	2
134.44	3
134.89	4
135.34	1
135.79	2
136.21	3
136.66	4
137.11	1
137.54	2
138.01	3
138.45	4
138.89	1
139.31	2
139.73	3
140.17	4
140.63	1
141.08	2
141.52	3
141.97	4
142.41	1
142.87	2
143.32	3
143.77	4
144.22	1
144.66	2
145.1	3
145.53	4
145.97	1
146.41	2
146.85	3
147.29	4
147.74	1
148.19	2
148.62	3
149.06	4
149.52	1
149.95	2
150.4	3
150.85	4
151.31	1
151.74	2
152.19	3
152.63	4
153.07	1
153.52	2
153.97	3
154.41	4
154.86	1
155.32	2
155.78	3
156.22	4
156.66	1
157.1	2
157.54	3
157.99	4
158.44	1
158.86	2
159.3	3
159.73	4
160.13	1
160.57	2
160.98	3
161.41	4
161.81	1
162.23	2
162.67	3
163.11	4
163.55	1
164.0	2
164.43	3
164.89	4
165.31	1
165.75	2
166.21	3
166.64	4
167.08	1
167.51	2
167.97	3
168.4	4
168.85	1
169.29	2
169.74	3
170.19	4
170.62	1
171.11	2
171.57	3
172.03	4
172.51	1
172.98	2
173.46	3
173.91	4
174.4	1
174.86	2
175.31	3
175.75	4
176.19	1
176.64	2
177.09	3
177.52	4
177.97	1
178.39	2
178.85	3
179.29	4
179.76	1
180.18	2
180.63	3
181.06	4
181.5	1
181.94	2
182.4	3
182.84	4
183.29	1
183.73	2
184.18	3
184.62	4
185.08	1
185.53	2
185.97	3
186.4	4
186.83	1
187.28	2
187.71	3
188.17	4
188.61	1
189.08	2
189.52	3
189.95	4
190.4	1
190.84	2
191.3	3
191.73	4
192.19	1
192.63	2
193.05	3
193.49	4
193.93	1
194.38	2
194.81	3
195.26	4
195.71	1
196.17	2
196.62	3
197.05	4
197.51	1
197.93	2
198.37	3
198.82	4
199.26	1
199.73	2
200.18	3
200.61	4
201.06	1
201.49	2
201.93	3
202.36	4
202.82	1
203.27	2
203.72	3
204.17	4
204.62	1
205.05	2
205.52	3
205.96	4
206.41	1
206.85	2
207.28	3
207.71	4
208.15	1
208.59	2
209.03	3
209.49	4
209.95	1
210.4	2
210.82	3
211.27	4
211.71	1
212.17	2
212.61	3
213.07	4
213.5	1
213.95	2
214.39	3
214.84	4
215.28	1
215.72	2
216.16	3
216.6	4
217.04	1
217.49	2
217.93	3
218.36	4
218.81	1
219.25	2
219.69	3
220.14	4
220.59	1
221.03	2
221.48	3
221.93	4
222.38	1
222.82	2
223.26	3
223.7	4
224.14	1
224.57	2
225.02	3
225.46	4
225.88	1
226.31	2
226.71	3
227.14	4
227.55	1
227.98	2
228.39	3
228.83	4
229.26	1
229.71	2
230.16	3
230.58	4
231.04	1
231.46	2
231.9	3
232.36	4
232.79	1
233.24	2
233.69	3
234.14	4
234.6	1
235.05	2
235.49	3
235.93	4
236.38	1
236.82	2
237.27	3
237.7	4
238.14	1
238.58	2
239.03	3
239.5	4
239.94	1
240.38	2
240.83	3
241.29	4
241.72	1
242.16	2
242.61	3
243.05	4
243.48	1
243.92	2
244.38	3
244.81	4
245.25	1
245.68	2
246.12	3
246.58	4
247.03	1
247.46	2
247.91	3
248.37	4
248.82	1
249.26	2
249.73	3
250.16	4
250.6	1
251.03	2
251.48	3
251.91	4
252.37	1
252.79	2
253.26	3
253.71	4
254.14	1
254.58	2
255.03	3
255.47	4
255.9	1
256.34	2
256.8	3
257.25	4
257.69	1
258.14	2
258.59	3
259.02	4
259.47	1
259.91	2
260.36	3
260.79	4
261.23	1
261.68	2
262.1	3
262.57	4
263.0	1
263.47	2
263.91	3
264.37	4
264.81	1
265.25	2
265.7	3
266.14	4
266.58	1
267.01	2
267.46	3
267.91	4
268.35	1
268.78	2
269.23	3
269.68	4
270.12	1
270.57	2
271.04	3
271.47	4
271.92	1
272.36	2
272.81	3
273.24	4
273.68	1
274.13	2
274.58	3
275.01	4
275.46	1
275.89	2
276.34	3
276.78	4
277.24	1
277.68	2
278.14	3
278.58	4
279.02	1
279.47	2
279.92	3
280.36	4
280.8	1
281.24	2
281.68	3
282.12	4
282.56	1
283.0	2
283.46	3
283.9	4
284.33	1
284.77	2
285.22	3
285.68	4
286.11	1
286.58	2
287.01	3
287.46	4
287.91	1
288.36	2
288.8	3
289.24	4
289.68	1
290.13	2
290.57	3
291.0	4
291.45	1
291.89	2
292.35	3
292.79	4
293.23	1
293.67	2
294.12	3
294.57	4
295.0	1
295.45	2
295.89	3
296.35	4
296.79	1
297.26	2
297.69	3
298.14	4
298.57	1
299.02	2
299.46	3
299.89	4
300.34	1
300.77	2
301.23	3
301.67	4
302.1	1
302.54	2
302.97	3
303.43	4
303.88	1
304.31	2
304.76	3
305.21	4
305.66	1
306.11	2
306.58	3
307.03	4
307.49	1
307.95	2
308.41	3
308.89	4
309.34	1
309.8	2
310.26	3
310.71	4
311.19	1
311.65	2
312.09	3
312.56	4
313.03	1
313.49	2
313.95	3
314.41	4
314.87	1
315.31	2
315.79	3
316.24	4
