0.01	2
0.35	3
0.69	4
1.02	1
1.35	2
1.69	3
2.02	4
2.37	1
2.7	2
3.02	3
3.36	4
3.68	1
4.02	2
4.34	3
4.69	4
5.03	1
5.35	2
5.69	3
6.02	4
6.36	1
6.69	2
7.01	3
7.36	4
7.68	1
8.02	2
8.35	3
8.69	4
9.02	1
9.36	2
9.69	3
10.02	4
10.36	1
10.68	2
11.03	3
11.36	4
11.68	1
12.02	2
12.36	3
12.69	4
13.03	1
13.35	2
13.69	3
14.02	4
14.35	1
14.69	2
15.02	3
15.36	4
15.69	1
16.04	2
16.36	3
16.68	4
17.01	1
17.35	2
17.69	3
18.02	4
18.36	1
18.69	2
19.02	3
19.35	4
19.69	1
20.02	2
20.36	3
20.69	4
21.02	1
21.37	2
21.68	3
22.02	4
22.36	1
22.69	2
23.03	3
23.36	4
23.71	1
24.02	2
24.36	3
24.69	4
25.02	1
25.36	2
25.69	3
26.03	4
26.36	1
26.7	2
27.02	3
27.36	4
27.69	1
28.03	2
28.36	3
28.69	4
29.02	1
29.36	2
29.69	3
30.02	4
30.36	1
30.69	2
31.02	3
31.36	4
31.69	1
32.03	2
32.36	3
32.69	4
33.03	1
33.35	2
33.69	3
34.02	4
34.36	1
34.69	2
35.02	3
35.36	4
35.69	1
36.03	2
36.36	3
36.69	4
37.03	1
37.36	2
37.69	3
38.02	4
38.36	1
38.69	2
39.02	3
39.36	4
39.69	1
40.03	2
40.36	3
40.7	4
41.02	1
41.36	2
41.69	3
42.03	4
42.37	1
42.69	2
43.02	3
43.36	4
43.69	1
44.03	2
44.36	3
44.69	4
45.02	1
45.36	2
45.7	3
46.03	4
46.36	1
46.69	2
47.03	3
47.36	4
47.7	1
48.01	2
48.36	3
48.69	4
49.01	1
49.35	2
49.68	3
50.02	4
50.37	1
50.69	2
51.03	3
51.36	4
51.69	1
52.02	2
52.35	3
52.7	4
53.04	1
53.36	2
53.68	3
54.01	4
54.36	1
54.67	2
55.02	3
55.36	4
55.69	1
56.03	2
56.38	3
56.69	4
57.02	1
57.33	2
57.63	3
57.94	4
58.26	1
58.55	2
58.85	3
59.16	4
59.45	1
59.75	2
60.05	3
60.36	4
60.68	1
61.02	2
61.36	3
61.69	4
62.02	1
62.35	2
62.7	3
63.02	4
63.36	1
63.71	2
64.02	3
64.35	4
64.68	1
65.03	2
65.36	3
65.69	4
66.02	1
66.36	2
66.68	3
67.04	4
67.36	1
67.69	2
68.02	3
68.36	4
68.69	1
69.01	2
69.35	3
69.68	4
70.01	1
70.35	2
70.7	3
71.02	4
71.34	1
71.68	2
72.0	3
72.35	4
72.68	1
73.0	2
73.36	3
73.69	4
74.02	1
74.38	2
74.69	3
75.02	4
75.36	1
75.69	2
76.02	3
76.36	4
76.69	1
77.03	2
77.36	3
77.7	4
78.03	1
78.35	2
78.69	3
79.02	4
79.36	1
79.7	2
80.02	3
80.36	4
80.69	1
81.03	2
81.36	3
81.69	4
82.02	1
82.36	2
82.69	3
83.03	4
83.36	1
83.69	2
84.02	3
84.36	4
84.69	1
85.02	2
85.36	3
85.69	4
86.02	1
86.37	2
86.69	3
87.02	4
87.36	1
87.7	2
88.03	3
88.36	4
88.69	1
89.02	2
89.36	3
89.7	4
90.02	1
90.36	2
90.7	3
91.02	4
91.36	1
91.69	2
92.02	3
92.36	4
92.69	1
93.02	2
93.36	3
93.68	4
94.02	1
94.36	2
94.69	3
95.03	4
95.36	1
95.69	2
96.02	3
96.36	4
96.69	1
97.02	2
97.36	3
97.69	4
98.03	1
98.37	2
98.69	3
99.03	4
99.36	1
99.69	2
100.02	3
100.37	4
100.69	1
101.03	2
101.42	3
101.87	4
102.36	1
102.85	2
103.36	3
103.87	4
104.35	1
104.86	2
105.37	3
106.02	4
106.68	1
107.36	2
108.01	3
108.69	4
109.34	1
110.02	2
110.69	3
111.36	4
112.02	1
112.69	2
113.37	3
114.02	4
114.69	1
115.36	2
116.03	3
116.69	4
117.35	1
118.02	2
118.7	3
119.35	4
120.01	1
120.69	2
121.36	3
122.02	4
122.69	1
123.35	2
124.04	3
124.69	4
125.36	1
126.02	2
126.68	3
127.36	4
128.02	1
128.68	2
129.31	3
130.03	4
130.69	1
131.35	2
132.02	3
132.69	4
133.36	1
134.02	2
134.69	3
135.35	4
136.02	1
136.68	2
137.36	3
138.02	4
138.68	1
139.35	2
140.02	3
140.69	4
141.37	1
142.02	2
142.68	3
143.36	4
144.02	1
144.68	2
145.35	3
146.02	4
146.68	1
147.36	2
148.02	3
148.69	4
149.36	1
150.02	2
150.69	3
151.35	4
152.02	1
152.69	2
153.36	3
154.02	4
154.68	1
155.36	2
156.02	3
156.69	4
157.35	1
158.02	2
158.69	3
159.36	4
160.02	1
160.69	2
161.36	3
162.02	4
162.69	1
163.36	2
164.02	3
164.68	4
165.36	1
166.02	2
166.68	3
167.36	4
168.02	1
168.69	2
169.35	3
170.03	4
170.69	1
171.36	2
172.03	3
172.69	4
173.36	1
174.02	2
174.69	3
175.36	4
176.02	1
176.69	2
177.38	3
178.02	4
178.67	1
179.36	2
180.01	3
180.69	4
181.35	1
182.01	2
182.66	3
183.36	4
184.0	1
184.69	2
185.34	3
186.02	4
186.69	1
187.36	2
188.05	3
188.69	4
189.35	1
190.02	2
190.68	3
191.36	4
192.02	1
192.69	2
193.35	3
194.02	4
194.68	1
195.36	2
196.02	3
196.69	4
197.36	1
198.01	2
198.68	3
199.35	4
200.01	1
200.69	2
201.35	3
202.02	4
202.69	1
203.36	2
204.0	3
204.69	4
205.36	1
206.02	2
206.69	3
207.36	4
208.03	1
208.68	2
209.32	3
210.02	4
210.69	1
211.36	2
212.0	3
212.69	4
213.35	1
214.02	2
214.69	3
215.36	4
216.01	1
216.69	2
217.36	3
218.03	4
218.69	1
219.35	2
220.03	3
220.68	4
221.35	1
222.02	2
222.7	3
223.36	4
224.02	1
224.68	2
225.36	3
226.03	4
226.69	1
227.36	2
227.99	3
228.69	4
229.37	1
230.03	2
230.69	3
231.36	4
232.02	1
232.69	2
233.36	3
234.02	4
234.69	1
235.36	2
236.02	3
236.69	4
237.36	1
238.02	2
238.69	3
239.36	4
240.03	1
240.69	2
241.35	3
242.02	4
242.69	1
243.36	2
244.02	3
244.69	4
245.36	1
246.02	2
246.69	3
247.35	4
248.01	1
248.7	2
