6.77	4
7.68	1
8.64	2
9.61	3
10.5	4
11.39	1
12.3	2
13.18	3
14.1	4
14.95	1
15.85	2
16.75	3
17.67	4
18.52	1
19.41	2
20.3	3
21.19	4
22.08	1
22.96	2
23.84	3
24.7	4
25.6	1
26.49	2
27.39	3
28.26	4
29.15	1
30.07	2
30.93	3
31.79	4
32.69	1
33.6	2
34.51	3
35.38	4
36.29	1
37.17	2
38.05	3
38.93	4
39.83	1
40.71	2
41.6	3
42.48	4
43.36	1
44.23	2
45.13	3
46.01	4
46.92	1
47.78	2
48.72	3
49.59	4
50.5	1
51.38	2
52.28	3
53.14	4
54.05	1
54.92	2
55.81	3
56.69	4
57.59	1
58.44	2
59.34	3
60.02	4
60.68	1
61.11	2
61.56	3
62.01	4
62.46	1
62.93	2
63.37	3
63.81	4
64.28	1
64.73	2
65.16	3
65.63	4
66.06	1
66.53	2
66.96	3
67.4	4
67.83	1
68.28	2
68.73	3
69.16	4
69.6	1
70.05	2
70.48	3
70.92	4
71.39	1
71.84	2
72.27	3
72.72	4
73.17	1
73.6	2
74.03	3
74.48	4
74.92	1
75.36	2
75.81	3
76.24	4
76.69	1
77.14	2
77.6	3
78.02	4
78.46	1
78.91	2
79.35	3
79.8	4
80.23	1
80.68	2
81.12	3
81.56	4
82.0	1
82.45	2
82.91	3
83.35	4
83.78	1
84.22	2
84.68	3
85.12	4
85.56	1
86.01	2
86.47	3
86.93	4
87.37	1
87.82	2
88.24	3
88.68	4
89.14	1
89.57	2
90.02	3
90.45	4
90.89	1
91.35	2
91.81	3
92.24	4
92.7	1
93.14	2
93.61	3
94.03	4
94.49	1
94.92	2
95.35	3
95.8	4
96.25	1
96.68	2
97.13	3
97.57	4
98.04	1
98.46	2
98.9	3
99.34	4
99.8	1
100.24	2
100.67	3
101.12	4
101.56	1
101.98	2
102.43	3
102.87	4
103.34	1
103.78	2
104.23	3
104.68	4
105.14	1
105.57	2
106.01	3
106.46	4
106.89	1
107.34	2
107.78	3
108.22	4
108.68	1
109.12	2
109.58	3
110.0	4
110.46	1
110.88	2
111.34	3
111.76	4
112.23	1
112.66	2
113.12	3
113.56	4
114.02	1
114.45	2
114.9	3
115.35	4
115.78	1
116.22	2
116.65	3
117.1	4
117.57	1
118.02	2
118.45	3
118.9	4
119.36	1
119.78	2
120.24	3
120.67	4
121.11	1
121.56	2
122.0	3
122.43	4
122.89	1
123.33	2
123.78	3
124.22	4
124.66	1
125.11	2
125.56	3
125.98	4
126.44	1
126.88	2
127.32	3
127.76	4
128.22	1
128.65	2
129.11	3
129.55	4
129.98	1
130.43	2
130.87	3
131.3	4
131.76	1
132.2	2
132.64	3
133.09	4
133.55	1
133.98	2
134.45	3
134.88	4
135.33	1
135.8	2
136.22	3
136.68	4
137.1	1
137.54	2
137.99	3
138.44	4
138.88	1
139.32	2
139.74	3
140.19	4
140.62	1
141.07	2
141.52	3
141.98	4
142.42	1
142.87	2
143.33	3
143.77	4
144.22	1
144.65	2
145.09	3
145.52	4
145.97	1
146.42	2
146.86	3
147.29	4
147.73	1
148.19	2
148.62	3
149.06	4
149.51	1
149.95	2
150.4	3
150.84	4
151.3	1
151.73	2
152.19	3
152.63	4
153.08	1
153.52	2
153.98	3
154.4	4
154.85	1
155.31	2
155.76	3
156.22	4
156.67	1
157.1	2
157.54	3
157.99	4
158.43	1
158.86	2
159.29	3
159.73	4
160.19	1
160.63	2
161.08	3
161.52	4
161.98	1
162.42	2
162.86	3
163.31	4
163.78	1
164.22	2
164.64	3
165.08	4
165.53	1
165.96	2
166.42	3
166.85	4
167.29	1
167.74	2
168.18	3
168.64	4
169.07	1
169.53	2
169.97	3
170.39	4
170.85	1
171.29	2
171.71	3
172.18	4
172.62	1
173.08	2
173.51	3
173.96	4
174.41	1
174.86	2
175.31	3
175.75	4
176.19	1
176.64	2
177.09	3
177.52	4
177.95	1
178.39	2
178.85	3
179.29	4
179.76	1
180.19	2
180.64	3
181.06	4
181.5	1
181.96	2
182.4	3
182.84	4
183.29	1
183.73	2
184.18	3
184.62	4
185.08	1
185.52	2
185.97	3
186.4	4
186.83	1
187.28	2
187.71	3
188.18	4
188.62	1
189.07	2
189.51	3
189.95	4
190.41	1
190.85	2
191.3	3
191.74	4
192.19	1
192.62	2
193.05	3
193.49	4
193.93	1
194.38	2
194.82	3
195.27	4
195.71	1
196.17	2
196.62	3
197.05	4
197.5	1
197.93	2
198.36	3
198.81	4
199.26	1
199.72	2
200.17	3
200.61	4
201.04	1
201.49	2
201.93	3
202.4	4
202.83	1
203.3	2
203.73	3
204.18	4
204.6	1
205.05	2
205.5	3
205.96	4
206.42	1
206.86	2
207.28	3
207.74	4
208.18	1
208.6	2
209.06	3
209.49	4
209.92	1
210.38	2
210.82	3
211.27	4
211.72	1
212.16	2
212.6	3
213.07	4
213.5	1
213.95	2
214.39	3
214.83	4
215.28	1
215.72	2
216.17	3
216.6	4
217.05	1
217.49	2
217.93	3
218.36	4
218.81	1
219.25	2
219.7	3
220.15	4
220.59	1
221.03	2
221.49	3
221.92	4
222.38	1
222.82	2
223.25	3
223.69	4
224.14	1
224.57	2
225.02	3
225.48	4
226.14	1
226.82	2
227.47	3
228.34	4
229.27	1
230.19	2
231.04	3
231.94	4
232.84	1
233.73	2
234.59	3
235.49	4
236.38	1
237.14	2
237.96	3
238.84	4
239.71	1
240.62	2
241.47	3
242.37	4
243.26	1
244.14	2
245.02	3
245.92	4
246.81	1
247.68	2
248.59	3
249.49	4
250.37	1
251.25	2
252.12	3
253.02	4
253.9	1
254.8	2
255.68	3
256.57	4
257.46	1
258.36	2
259.24	3
260.13	4
261.02	1
261.93	2
262.8	3
263.7	4
264.58	1
265.47	2
266.34	3
267.24	4
268.12	1
269.02	2
269.91	3
270.81	4
271.68	1
272.58	2
273.46	3
274.35	4
275.24	1
276.13	2
277.0	3
277.9	4
278.8	1
279.68	2
280.57	3
281.44	4
282.33	1
283.22	2
284.1	3
285.0	4
285.89	1
286.79	2
287.69	3
288.58	4
289.48	1
290.32	2
291.21	3
292.12	4
293.05	1
293.9	2
