0.07	1
0.39	2
0.69	3
1.0	4
1.32	1
1.63	2
1.94	3
2.25	4
2.56	1
2.87	2
3.17	3
3.49	4
3.8	1
4.1	2
4.41	3
4.72	4
5.03	1
5.34	2
5.65	3
5.95	4
6.27	1
6.58	2
6.88	3
7.19	4
7.51	1
7.81	2
8.12	3
8.43	4
8.75	1
9.06	2
9.36	3
9.67	4
9.98	1
10.29	2
10.6	3
10.91	4
11.21	1
11.52	2
11.83	3
12.14	4
12.45	1
12.76	2
13.07	3
13.38	4
13.69	1
14.0	2
14.31	3
14.62	4
14.93	1
15.24	2
15.54	3
15.86	4
16.16	1
16.47	2
16.78	3
17.09	4
17.4	1
17.72	2
18.02	3
18.33	4
18.65	1
18.95	2
19.26	3
19.56	4
19.87	1
20.18	2
20.49	3
20.8	4
21.11	1
21.42	2
21.72	3
22.03	4
22.34	1
22.65	2
22.97	3
23.28	4
23.58	1
23.9	2
24.2	3
24.51	4
24.82	1
25.14	2
25.44	3
25.75	4
26.07	1
26.37	2
26.68	3
26.99	4
27.3	1
27.61	2
27.91	3
28.22	4
28.53	1
28.84	2
29.15	3
29.46	4
29.77	1
30.08	2
30.39	3
30.7	4
31.01	1
31.32	2
31.62	3
31.93	4
32.24	1
32.55	2
32.86	3
33.17	4
33.48	1
33.8	2
34.1	3
34.41	4
34.72	1
35.03	2
35.34	3
35.63	4
35.94	1
36.26	2
36.57	3
36.88	4
37.19	1
37.5	2
37.81	3
38.12	4
38.43	1
38.74	2
39.04	3
39.35	4
39.67	1
39.98	2
40.28	3
40.6	4
40.91	1
41.22	2
41.53	3
41.83	4
42.15	1
42.46	2
42.76	3
43.07	4
43.38	1
43.69	2
44.0	3
44.31	4
44.62	1
44.93	2
45.24	3
45.55	4
45.86	1
46.17	2
46.48	3
46.79	4
47.09	1
47.4	2
47.71	3
48.02	4
48.32	1
48.64	2
48.95	3
49.25	4
49.56	1
49.87	2
50.18	3
50.49	4
50.8	1
51.12	2
51.42	3
51.74	4
52.04	1
52.35	2
52.66	3
52.98	4
53.28	1
53.59	2
53.9	3
54.21	4
54.5	1
54.82	2
55.13	3
55.44	4
55.75	1
56.06	2
56.37	3
56.68	4
56.98	1
57.3	2
57.61	3
57.92	4
58.23	1
58.54	2
58.84	3
59.16	4
59.46	1
59.77	2
60.08	3
60.39	4
60.7	1
61.01	2
61.32	3
61.63	4
61.94	1
62.25	2
62.56	3
62.87	4
63.18	1
63.48	2
63.78	3
64.1	4
64.41	1
64.71	2
65.03	3
65.34	4
65.65	1
65.95	2
66.26	3
66.57	4
66.88	1
67.19	2
67.5	3
67.81	4
68.12	1
68.44	2
68.74	3
69.05	4
69.36	1
69.67	2
69.98	3
70.29	4
70.6	1
70.9	2
71.21	3
71.52	4
71.83	1
72.14	2
72.45	3
72.76	4
73.07	1
73.37	2
73.69	3
73.99	4
74.31	1
74.62	2
74.93	3
75.24	4
75.54	1
75.85	2
76.16	3
76.48	4
76.78	1
77.09	2
77.4	3
77.71	4
78.02	1
78.33	2
78.64	3
78.95	4
79.26	1
79.57	2
79.88	3
80.19	4
80.5	1
80.8	2
81.11	3
81.42	4
81.73	1
82.04	2
82.35	3
82.66	4
82.97	1
83.27	2
83.58	3
83.9	4
84.2	1
84.52	2
84.82	3
85.13	4
85.44	1
85.75	2
86.06	3
86.37	4
86.68	1
86.99	2
87.3	3
87.61	4
87.92	1
88.23	2
88.53	3
88.84	4
89.15	1
89.46	2
89.77	3
90.07	4
90.39	1
90.7	2
91.0	3
91.31	4
91.62	1
91.93	2
92.24	3
92.56	4
92.86	1
93.17	2
93.48	3
93.79	4
94.1	1
94.42	2
94.71	3
95.02	4
95.33	1
95.64	2
95.95	3
96.26	4
96.57	1
96.88	2
97.19	3
97.5	4
97.81	1
98.12	2
98.43	3
98.73	4
99.04	1
99.36	2
99.66	3
99.97	4
100.28	1
100.6	2
100.9	3
101.21	4
101.52	1
101.83	2
102.14	3
102.46	4
102.76	1
103.07	2
103.38	3
103.68	4
103.99	1
104.31	2
104.62	3
104.92	4
105.24	1
105.54	2
105.85	3
106.17	4
106.48	1
106.78	2
107.09	3
107.4	4
107.71	1
108.01	2
108.32	3
108.63	4
108.94	1
109.25	2
109.56	3
109.87	4
110.18	1
110.49	2
110.8	3
111.1	4
111.41	1
111.73	2
112.03	3
112.35	4
112.65	1
112.96	2
113.27	3
113.59	4
113.89	1
114.2	2
114.51	3
114.83	4
115.13	1
115.44	2
115.75	3
116.06	4
116.37	1
116.68	2
116.99	3
117.31	4
117.61	1
117.91	2
118.22	3
118.53	4
118.83	1
119.15	2
119.46	3
119.77	4
120.08	1
120.39	2
120.7	3
121.01	4
121.31	1
121.63	2
121.93	3
122.25	4
122.56	1
122.87	2
123.17	3
123.49	4
123.79	1
124.1	2
124.41	3
124.73	4
125.03	1
125.34	2
125.65	3
125.96	4
126.27	1
126.58	2
126.89	3
127.2	4
127.51	1
127.81	2
128.12	3
128.43	4
128.73	1
129.05	2
129.35	3
129.66	4
129.97	1
130.28	2
130.59	3
130.9	4
131.21	1
131.53	2
131.83	3
132.15	4
132.45	1
132.76	2
133.07	3
133.38	4
133.69	1
134.0	2
134.31	3
134.62	4
134.93	1
135.23	2
135.53	3
135.85	4
136.15	1
136.46	2
136.77	3
137.09	4
137.4	1
137.71	2
138.02	3
138.33	4
138.64	1
138.95	2
139.25	3
139.56	4
139.87	1
140.18	2
140.49	3
140.8	4
141.11	1
141.42	2
141.73	3
142.05	4
142.35	1
142.64	2
142.96	3
143.27	4
143.58	1
143.89	2
144.2	3
144.51	4
144.82	1
145.13	2
145.43	3
145.74	4
146.06	1
146.36	2
146.67	3
146.99	4
147.3	1
147.6	2
147.91	3
148.23	4
148.54	1
148.84	2
149.15	3
149.47	4
149.78	1
150.08	2
150.39	3
150.7	4
151.01	1
151.32	2
151.63	3
151.95	4
152.25	1
152.56	2
152.86	3
153.17	4
153.47	1
153.78	2
154.1	3
154.41	4
154.72	1
155.02	2
155.33	3
155.64	4
155.96	1
156.26	2
156.57	3
156.88	4
157.2	1
157.5	2
157.81	3
158.12	4
158.43	1
158.74	2
159.05	3
159.35	4
159.66	1
159.97	2
160.28	3
160.58	4
160.9	1
161.2	2
161.52	3
161.83	4
162.13	1
162.44	2
162.75	3
163.07	4
163.38	1
163.69	2
164.0	3
164.31	4
164.61	1
164.92	2
165.23	3
165.55	4
165.86	1
166.16	2
166.47	3
166.78	4
167.08	1
167.38	2
167.7	3
168.01	4
168.32	1
168.63	2
168.94	3
169.25	4
169.56	1
169.87	2
170.18	3
170.49	4
170.79	1
171.11	2
171.41	3
171.72	4
172.04	1
172.34	2
172.65	3
172.96	4
173.27	1
173.59	2
173.89	3
174.21	4
174.51	1
174.82	2
175.13	3
175.44	4
175.75	1
176.06	2
176.37	3
176.68	4
176.99	1
177.3	2
177.61	3
177.92	4
178.23	1
178.54	2
178.85	3
179.17	4
179.47	1
179.78	2
180.09	3
180.38	4
180.68	1
181.0	2
181.31	3
181.61	4
181.93	1
182.23	2
182.54	3
182.85	4
183.16	1
183.48	2
183.79	3
184.1	4
184.4	1
184.72	2
185.02	3
185.33	4
185.64	1
185.95	2
186.26	3
186.56	4
186.88	1
187.19	2
187.5	3
187.81	4
188.11	1
188.43	2
188.73	3
189.04	4
189.35	1
189.67	2
189.97	3
190.29	4
190.59	1
190.9	2
191.21	3
191.52	4
191.83	1
192.13	2
192.43	3
192.75	4
193.06	1
193.36	2
193.68	3
193.99	4
194.29	1
194.61	2
194.92	3
195.23	4
195.54	1
195.85	2
196.15	3
196.46	4
196.78	1
197.08	2
197.4	3
197.7	4
198.01	1
198.32	2
198.63	3
198.95	4
199.25	1
199.56	2
199.87	3
200.18	4
200.49	1
200.8	2
201.11	3
201.41	4
201.72	1
202.03	2
202.34	3
202.65	4
202.95	1
203.27	2
203.58	3
203.89	4
204.2	1
204.51	2
204.82	3
205.13	4
205.44	1
205.74	2
206.05	3
206.37	4
206.67	1
206.99	2
207.29	3
207.6	4
207.91	1
208.22	2
208.53	3
208.84	4
209.15	1
209.46	2
209.77	3
210.08	4
210.39	1
210.7	2
211.01	3
211.31	4
211.61	1
211.93	2
212.23	3
212.55	4
212.85	1
213.17	2
213.48	3
213.79	4
214.09	1
214.41	2
214.72	3
215.03	4
215.33	1
215.64	2
215.95	3
216.26	4
216.57	1
216.88	2
217.19	3
217.5	4
217.81	1
218.12	2
218.43	3
218.74	4
219.04	1
219.34	2
219.66	3
219.97	4
220.28	1
220.59	2
220.89	3
221.21	4
221.52	1
221.82	2
222.13	3
222.44	4
222.75	1
223.06	2
223.37	3
223.68	4
223.99	1
224.3	2
224.61	3
224.92	4
225.23	1
225.54	2
225.85	3
226.16	4
226.47	1
226.78	2
227.09	3
227.4	4
227.71	1
228.02	2
228.33	3
228.65	4
228.96	1
229.26	2
229.58	3
229.89	4
230.2	1
230.51	2
230.82	3
