1.88	1
2.32	2
2.79	3
3.25	4
3.72	1
4.17	2
4.63	3
5.09	4
5.57	1
6.01	2
6.48	3
6.94	4
7.41	1
7.86	2
8.33	3
8.78	4
9.26	1
9.71	2
10.17	3
10.64	4
11.1	1
11.55	2
12.02	3
12.47	4
12.95	1
13.4	2
13.87	3
14.32	4
14.79	1
15.25	2
15.71	3
16.17	4
16.65	1
17.1	2
17.57	3
18.02	4
18.49	1
18.94	2
19.41	3
19.86	4
20.34	1
20.78	2
21.25	3
21.71	4
22.18	1
22.63	2
23.1	3
23.55	4
24.02	1
24.47	2
24.94	3
25.4	4
25.87	1
26.32	2
26.79	3
27.25	4
27.72	1
28.17	2
28.64	3
29.1	4
29.57	1
30.02	2
30.47	3
30.94	4
31.4	1
31.85	2
32.31	3
32.78	4
33.25	1
33.71	2
34.16	3
34.63	4
35.1	1
35.55	2
36.01	3
36.47	4
36.94	1
37.4	2
37.87	3
38.31	4
38.79	1
39.25	2
39.71	3
40.17	4
40.65	1
41.09	2
41.56	3
42.01	4
42.49	1
42.94	2
43.4	3
43.87	4
44.33	1
44.78	2
45.24	3
45.7	4
46.19	1
46.64	2
47.09	3
47.55	4
48.03	1
48.47	2
48.94	3
49.4	4
49.87	1
50.33	2
50.8	3
51.24	4
51.71	1
52.17	2
52.63	3
53.09	4
53.56	1
54.02	2
54.47	3
54.94	4
55.41	1
55.86	2
56.33	3
56.78	4
57.26	1
57.7	2
58.17	3
58.63	4
59.1	1
59.55	2
60.02	3
60.48	4
60.96	1
61.4	2
61.86	3
62.33	4
62.79	1
63.24	2
63.71	3
64.16	4
64.64	1
65.09	2
65.55	3
66.02	4
66.48	1
66.93	2
67.39	3
67.86	4
68.33	1
68.78	2
69.26	3
69.71	4
70.18	1
70.63	2
71.1	3
71.55	4
72.01	1
72.48	2
72.94	3
73.4	4
73.87	1
74.32	2
74.8	3
75.24	4
75.72	1
76.17	2
76.63	3
77.09	4
77.57	1
78.01	2
78.49	3
78.94	4
79.41	1
79.85	2
80.33	3
80.78	4
81.25	1
81.7	2
82.17	3
82.63	4
83.1	1
83.55	2
84.02	3
84.47	4
84.95	1
85.39	2
85.86	3
86.32	4
86.8	1
87.25	2
87.72	3
88.17	4
88.63	1
89.09	2
89.56	3
90.01	4
90.48	1
90.93	2
91.39	3
91.86	4
92.34	1
92.79	2
93.26	3
93.7	4
94.18	1
94.62	2
95.08	3
95.55	4
96.02	1
96.47	2
96.95	3
97.39	4
97.87	1
98.32	2
98.79	3
99.25	4
99.69	1
100.17	2
100.62	3
101.09	4
101.56	1
102.01	2
102.48	3
102.93	4
103.4	1
103.85	2
104.33	3
104.78	4
105.25	1
105.7	2
106.17	3
106.62	4
107.1	1
107.55	2
108.02	3
108.47	4
108.95	1
109.41	2
109.86	3
110.32	4
110.8	1
111.24	2
111.71	3
112.17	4
112.64	1
113.09	2
113.55	3
114.01	4
114.49	1
114.93	2
115.4	3
115.86	4
116.33	1
116.78	2
117.24	3
117.7	4
118.18	1
118.63	2
119.09	3
119.56	4
120.02	1
120.47	2
120.94	3
121.4	4
121.86	1
122.32	2
122.78	3
123.25	4
123.71	1
124.17	2
124.63	3
125.09	4
125.56	1
126.01	2
126.46	3
126.93	4
127.4	1
127.86	2
128.31	3
128.78	4
129.23	1
129.69	2
130.15	3
130.62	4
131.11	1
131.55	2
132.03	3
132.47	4
132.94	1
133.4	2
133.86	3
134.32	4
134.79	1
135.24	2
135.71	3
136.16	4
136.63	1
137.09	2
137.55	3
138.0	4
138.47	1
138.93	2
139.4	3
139.86	4
140.33	1
140.77	2
141.24	3
141.7	4
142.17	1
142.62	2
143.09	3
143.55	4
144.01	1
144.47	2
144.94	3
145.4	4
145.86	1
146.32	2
146.79	3
147.24	4
147.7	1
148.17	2
148.62	3
149.08	4
149.56	1
150.01	2
150.48	3
150.94	4
151.4	1
151.86	2
152.32	3
152.78	4
153.25	1
153.7	2
154.17	3
154.62	4
155.1	1
155.55	2
156.01	3
156.47	4
156.95	1
157.4	2
157.86	3
158.32	4
158.79	1
159.23	2
159.71	3
160.16	4
160.63	1
161.08	2
161.53	3
162.01	4
162.48	1
162.93	2
163.4	3
163.85	4
164.33	1
164.78	2
165.25	3
165.7	4
166.18	1
166.63	2
167.11	3
167.55	4
168.02	1
168.48	2
168.95	3
169.4	4
169.86	1
170.31	2
170.79	3
171.24	4
171.7	1
172.17	2
172.63	3
173.09	4
173.57	1
174.01	2
174.48	3
174.93	4
175.41	1
175.85	2
176.32	3
176.78	4
177.25	1
177.7	2
178.17	3
178.62	4
179.09	1
179.55	2
180.01	3
180.47	4
180.95	1
181.39	2
181.87	3
182.32	4
182.78	1
183.24	2
183.71	3
184.17	4
184.64	1
185.08	2
185.55	3
186.01	4
186.46	1
186.93	2
187.4	3
187.86	4
188.33	1
188.78	2
189.24	3
189.7	4
190.18	1
190.62	2
191.09	3
191.55	4
192.02	1
192.47	2
192.94	3
193.39	4
193.86	1
194.32	2
194.78	3
195.24	4
195.71	1
196.16	2
196.62	3
197.09	4
197.55	1
198.01	2
198.47	3
198.93	4
199.41	1
199.85	2
200.32	3
200.77	4
201.25	1
201.69	2
202.16	3
202.61	4
203.09	1
203.57	2
204.03	3
204.48	4
204.95	1
205.39	2
205.87	3
206.32	4
206.79	1
207.24	2
207.69	3
208.17	4
208.65	1
209.12	2
209.59	3
210.03	4
210.49	1
210.95	2
211.41	3
211.87	4
212.35	1
212.79	2
213.27	3
213.71	4
214.18	1
214.65	2
215.11	3
215.56	4
216.02	1
216.47	2
216.93	3
217.41	4
217.87	1
218.32	2
218.79	3
219.24	4
219.71	1
220.16	2
220.63	3
221.08	4
221.55	1
222.0	2
222.47	3
222.93	4
223.4	1
223.85	2
224.33	3
224.78	4
225.23	1
225.7	2
226.16	3
226.62	4
227.1	1
227.55	2
228.02	3
228.47	4
228.93	1
229.39	2
229.87	3
230.32	4
230.79	1
231.23	2
231.7	3
232.16	4
232.63	1
233.08	2
233.53	3
234.01	4
234.47	1
234.93	2
235.37	3
235.83	4
236.32	1
236.77	2
237.25	3
237.7	4
238.17	1
238.62	2
239.09	3
239.54	4
240.02	1
240.47	2
240.93	3
241.4	4
241.86	1
242.31	2
242.77	3
243.24	4
243.72	1
244.16	2
244.62	3
245.08	4
245.56	1
246.0	2
246.47	3
246.93	4
247.4	1
247.85	2
248.31	3
248.78	4
249.25	1
249.7	2
250.16	3
250.62	4
251.09	1
251.54	2
252.02	3
252.47	4
252.94	1
253.39	2
253.86	3
254.31	4
254.79	1
255.24	2
255.7	3
256.17	4
256.63	1
257.08	2
257.54	3
258.01	4
258.49	1
258.93	2
259.39	3
259.85	4
260.33	1
260.78	2
261.25	3
261.7	4
262.17	1
262.62	2
263.09	3
263.54	4
264.01	1
