0.02	1
0.96	2
1.97	3
2.98	4
3.92	1
4.93	2
5.87	3
6.82	4
7.76	1
8.76	2
9.7	3
10.68	4
11.43	1
12.21	2
12.94	3
13.68	4
14.53	1
15.38	2
16.11	3
16.84	4
17.57	1
18.06	2
18.54	3
19.04	4
19.52	1
20.01	2
20.49	3
20.98	4
21.47	1
21.96	2
22.45	3
22.93	4
23.42	1
23.91	2
24.4	3
24.88	4
25.38	1
25.86	2
26.35	3
26.83	4
27.33	1
27.81	2
28.3	3
28.78	4
29.28	1
29.77	2
30.25	3
30.73	4
31.23	1
31.73	2
32.2	3
32.69	4
33.18	1
33.67	2
34.15	3
34.64	4
35.13	1
35.62	2
36.1	3
36.59	4
37.08	1
37.57	2
38.06	3
38.54	4
39.03	1
39.53	2
40.01	3
40.49	4
40.99	1
41.48	2
41.97	3
42.44	4
42.93	1
43.43	2
43.91	3
44.4	4
44.89	1
45.37	2
45.86	3
46.35	4
46.83	1
47.33	2
47.81	3
48.3	4
48.79	1
49.28	2
49.77	3
50.25	4
50.74	1
51.23	2
51.71	3
52.2	4
52.69	1
53.17	2
53.67	3
54.15	4
54.64	1
55.12	2
55.61	3
56.1	4
56.59	1
57.08	2
57.56	3
58.05	4
58.55	1
59.03	2
59.52	3
60.01	4
60.49	1
60.97	2
61.45	3
61.96	4
62.44	1
62.93	2
63.41	3
63.9	4
64.39	1
64.89	2
65.37	3
65.85	4
66.34	1
66.84	2
67.32	3
67.81	4
68.29	1
68.78	2
69.26	3
69.76	4
70.25	1
70.74	2
71.23	3
71.71	4
72.2	1
72.69	2
73.19	3
73.66	4
74.15	1
74.64	2
75.13	3
75.62	4
76.1	1
76.59	2
77.07	3
77.56	4
78.05	1
78.56	2
79.02	3
79.51	4
80.01	1
80.5	2
80.98	3
81.47	4
81.95	1
82.45	2
82.92	3
83.42	4
83.91	1
84.39	2
84.89	3
85.36	4
85.87	1
86.34	2
86.83	3
87.32	4
87.81	1
88.3	2
88.79	3
89.27	4
89.76	1
90.25	2
90.74	3
91.22	4
91.72	1
92.21	2
92.69	3
93.17	4
93.68	1
94.16	2
94.65	3
95.12	4
95.62	1
96.11	2
96.59	3
97.08	4
97.56	1
98.06	2
98.55	3
99.03	4
99.52	1
100.01	2
100.5	3
100.98	4
101.47	1
101.96	2
102.46	3
102.93	4
103.42	1
103.9	2
104.39	3
104.88	4
105.37	1
105.85	2
106.35	3
106.82	4
107.31	1
107.81	2
108.3	3
108.79	4
109.29	1
109.76	2
110.25	3
110.73	4
111.22	1
111.72	2
112.2	3
112.69	4
113.19	1
113.66	2
114.17	3
114.64	4
115.13	1
115.61	2
116.1	3
116.59	4
117.07	1
117.56	2
118.05	3
118.54	4
119.03	1
119.52	2
120.0	3
120.49	4
120.97	1
121.47	2
121.96	3
122.43	4
122.93	1
123.42	2
123.91	3
124.39	4
124.88	1
125.37	2
125.85	3
126.35	4
126.84	1
127.32	2
127.81	3
128.3	4
128.78	1
129.27	2
129.77	3
130.24	4
130.74	1
131.22	2
131.71	3
132.2	4
132.69	1
133.18	2
133.66	3
134.14	4
134.63	1
135.13	2
135.61	3
136.1	4
136.59	1
137.08	2
137.57	3
138.05	4
138.53	1
139.02	2
139.51	3
140.0	4
140.5	1
140.99	2
141.47	3
141.96	4
142.45	1
142.92	2
143.41	3
143.9	4
144.41	1
144.89	2
145.37	3
145.86	4
146.34	1
146.83	2
147.33	3
147.8	4
148.31	1
148.78	2
149.28	3
149.76	4
150.26	1
150.74	2
151.23	3
151.71	4
152.21	1
152.69	2
153.18	3
153.66	4
154.15	1
154.64	2
155.13	3
155.61	4
156.1	1
156.59	2
157.08	3
157.56	4
158.06	1
158.54	2
159.03	3
159.52	4
160.01	1
160.49	2
160.98	3
161.46	4
161.95	1
162.44	2
162.93	3
163.42	4
163.92	1
164.4	2
164.89	3
165.37	4
165.87	1
166.35	2
166.85	3
167.32	4
167.82	1
168.3	2
168.8	3
169.27	4
169.76	1
170.25	2
170.74	3
171.22	4
171.7	1
172.2	2
172.69	3
173.17	4
173.67	1
174.15	2
174.64	3
175.12	4
175.62	1
176.1	2
176.6	3
177.08	4
177.57	1
178.05	2
178.54	3
179.03	4
179.52	1
180.01	2
180.49	3
180.98	4
181.45	1
181.95	2
182.44	3
182.93	4
183.42	1
183.91	2
184.39	3
184.88	4
185.37	1
185.86	2
186.35	3
186.84	4
187.33	1
187.81	2
188.3	3
188.78	4
189.27	1
189.75	2
190.23	3
190.72	4
191.22	1
191.71	2
192.2	3
192.69	4
193.18	1
193.66	2
194.16	3
194.63	4
195.14	1
195.62	2
196.1	3
196.59	4
197.08	1
197.57	2
198.04	3
198.54	4
199.03	1
199.52	2
200.0	3
200.49	4
200.98	1
201.48	2
201.95	3
202.44	4
202.93	1
203.41	2
203.9	3
204.4	4
204.88	1
205.38	2
205.85	3
206.34	4
206.83	1
207.31	2
207.81	3
208.29	4
208.78	1
209.27	2
209.76	3
210.25	4
210.73	1
211.23	2
211.71	3
212.19	4
212.69	1
213.18	2
213.67	3
214.15	4
214.64	1
215.12	2
215.6	3
216.1	4
216.59	1
217.08	2
217.57	3
218.04	4
218.54	1
219.03	2
219.52	3
220.0	4
220.51	1
220.98	2
221.48	3
221.95	4
222.44	1
222.93	2
223.42	3
223.9	4
224.41	1
224.88	2
225.37	3
225.85	4
226.35	1
226.84	2
227.32	3
227.81	4
228.3	1
228.79	2
229.28	3
229.76	4
230.25	1
230.74	2
231.23	3
231.71	4
232.2	1
232.69	2
233.19	3
233.66	4
234.16	1
234.64	2
235.13	3
235.61	4
236.1	1
236.58	2
237.09	3
237.56	4
238.04	1
238.54	2
239.03	3
239.52	4
240.02	1
240.49	2
240.98	3
241.47	4
241.97	1
242.45	2
242.93	3
243.43	4
243.92	1
244.4	2
244.9	3
245.38	4
245.88	1
246.35	2
246.84	3
247.32	4
247.83	1
248.31	2
248.8	3
249.33	4
249.8	1
250.28	2
250.77	3
251.24	4
251.74	1
252.21	2
252.68	3
253.17	4
253.66	1
254.14	2
254.61	3
255.08	4
255.57	1
256.06	2
256.54	3
257.0	4
257.5	1
257.97	2
258.46	3
258.92	4
259.4	1
259.9	2
260.36	3
260.85	4
261.34	1
261.81	2
