0.0	1
0.52	2
1.04	3
1.53	4
2.0	1
2.5	2
2.97	3
3.46	4
3.92	1
4.4	2
4.88	3
5.38	4
5.84	1
6.32	2
6.82	3
7.28	4
7.78	1
8.26	2
8.74	3
9.22	4
9.7	1
10.18	2
10.68	3
11.16	4
11.66	1
12.16	2
12.63	3
13.11	4
13.6	1
14.06	2
14.54	3
15.03	4
15.52	1
16.0	2
16.47	3
16.96	4
17.46	1
17.93	2
18.41	3
18.89	4
19.39	1
19.87	2
20.34	3
20.83	4
21.32	1
21.81	2
22.27	3
22.77	4
23.25	1
23.74	2
24.22	3
24.72	4
25.19	1
25.67	2
26.15	3
26.64	4
27.13	1
27.6	2
28.09	3
28.58	4
29.06	1
29.55	2
30.02	3
30.51	4
31.0	1
31.48	2
31.95	3
32.45	4
32.93	1
33.42	2
33.89	3
34.38	4
34.87	1
35.35	2
35.83	3
36.31	4
36.8	1
37.29	2
37.76	3
38.25	4
38.74	1
39.21	2
39.69	3
40.2	4
40.68	1
41.16	2
41.64	3
42.12	4
42.61	1
43.09	2
43.57	3
44.06	4
44.53	1
45.02	2
45.5	3
45.99	4
46.49	1
46.96	2
47.44	3
47.93	4
48.42	1
48.9	2
49.38	3
49.87	4
50.36	1
50.83	2
51.31	3
51.8	4
52.28	1
52.77	2
53.24	3
53.73	4
54.23	1
54.7	2
55.18	3
55.68	4
56.16	1
56.63	2
57.11	3
57.61	4
58.1	1
58.57	2
59.05	3
59.55	4
60.02	1
60.51	2
60.98	3
61.48	4
61.97	1
62.45	2
62.92	3
63.42	4
63.9	1
64.38	2
64.86	3
65.34	4
65.83	1
66.31	2
66.79	3
67.29	4
67.77	1
68.26	2
68.73	3
69.21	4
69.7	1
70.18	2
70.67	3
71.16	4
71.64	1
72.13	2
72.6	3
73.1	4
73.57	1
74.06	2
74.54	3
75.03	4
75.52	1
76.0	2
76.48	3
76.96	4
77.46	1
77.93	2
78.42	3
78.9	4
79.39	1
79.87	2
80.36	3
80.84	4
81.32	1
81.79	2
82.28	3
82.76	4
83.25	1
83.73	2
84.22	3
84.7	4
85.19	1
85.67	2
86.15	3
86.64	4
87.12	1
87.59	2
88.09	3
88.57	4
89.06	1
89.54	2
90.02	3
90.5	4
90.99	1
91.48	2
91.96	3
92.44	4
92.93	1
93.43	2
93.89	3
94.39	4
94.88	1
95.35	2
95.84	3
96.32	4
96.8	1
97.28	2
97.77	3
98.25	4
98.73	1
99.22	2
99.7	3
100.18	4
100.67	1
101.17	2
101.64	3
102.13	4
102.61	1
103.09	2
103.57	3
104.05	4
104.55	1
105.03	2
105.5	3
106.0	4
106.48	1
106.96	2
107.44	3
107.93	4
108.42	1
108.91	2
109.39	3
109.86	4
110.35	1
110.84	2
111.32	3
111.8	4
112.29	1
112.77	2
113.26	3
113.72	4
114.21	1
114.68	2
115.18	3
115.67	4
116.17	1
116.64	2
117.13	3
117.61	4
118.1	1
118.58	2
119.06	3
119.55	4
120.04	1
120.51	2
121.0	3
121.46	4
121.96	1
122.45	2
122.93	3
123.41	4
123.91	1
124.38	2
124.86	3
125.35	4
125.84	1
126.32	2
126.8	3
127.28	4
127.76	1
128.25	2
128.74	3
129.22	4
129.71	1
130.2	2
130.67	3
131.15	4
131.64	1
132.14	2
132.6	3
133.1	4
133.58	1
134.06	2
134.55	3
135.03	4
135.51	1
136.0	2
136.48	3
136.96	4
137.45	1
137.93	2
138.41	3
138.9	4
139.39	1
139.86	2
140.35	3
140.83	4
141.32	1
141.8	2
142.29	3
142.77	4
143.26	1
143.73	2
144.22	3
144.69	4
145.19	1
145.67	2
146.15	3
146.63	4
147.13	1
147.61	2
148.09	3
148.58	4
149.07	1
149.55	2
150.02	3
150.51	4
151.0	1
151.47	2
151.96	3
152.44	4
152.94	1
153.42	2
153.89	3
154.38	4
154.87	1
155.35	2
155.83	3
156.32	4
156.81	1
157.29	2
157.77	3
158.25	4
158.74	1
159.21	2
159.7	3
160.19	4
160.67	1
161.16	2
161.64	3
162.12	4
162.61	1
163.1	2
163.57	3
164.06	4
164.55	1
165.02	2
165.51	3
166.0	4
166.47	1
166.96	2
167.44	3
167.93	4
168.41	1
168.89	2
169.38	3
169.85	4
170.34	1
170.83	2
171.31	3
171.79	4
172.28	1
172.77	2
173.25	3
173.74	4
174.22	1
174.7	2
175.18	3
175.68	4
176.16	1
176.64	2
177.12	3
177.6	4
178.09	1
178.57	2
179.05	3
179.54	4
180.02	1
180.51	2
180.99	3
181.48	4
181.97	1
182.44	2
182.92	3
183.41	4
183.9	1
184.37	2
184.86	3
185.34	4
185.84	1
186.32	2
186.8	3
187.29	4
187.77	1
188.25	2
188.74	3
189.22	4
189.71	1
190.19	2
190.67	3
191.16	4
191.63	1
192.12	2
192.6	3
193.09	4
193.58	1
194.07	2
194.53	3
195.02	4
195.52	1
196.0	2
196.47	3
196.96	4
197.45	1
197.93	2
198.41	3
198.87	4
199.38	1
199.87	2
200.34	3
200.83	4
201.32	1
201.78	2
202.28	3
202.78	4
203.25	1
203.74	2
204.21	3
204.7	4
205.19	1
205.67	2
206.15	3
206.65	4
207.12	1
207.61	2
208.08	3
208.57	4
209.06	1
209.55	2
210.02	3
210.51	4
210.99	1
211.48	2
211.95	3
212.45	4
212.94	1
213.42	2
213.89	3
214.38	4
214.87	1
215.35	2
215.82	3
216.31	4
216.8	1
217.26	2
217.76	3
218.26	4
218.74	1
219.22	2
219.7	3
220.2	4
220.68	1
221.15	2
221.63	3
222.12	4
222.6	1
223.09	2
223.56	3
224.06	4
224.55	1
225.02	2
225.51	3
226.0	4
226.48	1
226.96	2
227.44	3
227.93	4
228.43	1
228.9	2
229.38	3
229.85	4
230.35	1
230.84	2
231.31	3
231.8	4
232.29	1
232.78	2
233.25	3
233.75	4
234.22	1
234.7	2
235.18	3
235.68	4
236.15	1
236.64	2
237.12	3
237.6	4
238.09	1
238.58	2
239.05	3
239.54	4
240.03	1
240.5	2
240.99	3
241.48	4
241.96	1
242.44	2
242.92	3
243.41	4
243.9	1
244.38	2
244.86	3
245.35	4
245.84	1
246.32	2
246.79	3
247.28	4
247.76	1
248.25	2
248.73	3
249.21	4
249.7	1
250.19	2
250.66	3
251.15	4
251.64	1
252.12	2
252.61	3
253.09	4
253.57	1
254.06	2
254.54	3
255.02	4
255.52	1
256.0	2
256.48	3
256.96	4
257.46	1
257.93	2
258.42	3
258.9	4
259.38	1
259.88	2
260.36	3
260.83	4
261.32	1
261.81	2
262.28	3
262.76	4
263.25	1
263.73	2
264.22	3
264.7	4
265.18	1
265.65	2
266.15	3
266.64	4
267.13	1
267.61	2
268.09	3
268.57	4
269.06	1
269.54	2
270.02	3
270.51	4
271.0	1
271.47	2
271.96	3
272.44	4
272.94	1
273.41	2
273.9	3
274.4	4
274.87	1
275.35	2
275.83	3
276.32	4
276.8	1
277.28	2
277.76	3
278.24	4
278.74	1
279.22	2
279.7	3
280.19	4
280.67	1
281.15	2
281.64	3
282.13	4
282.61	1
283.09	2
283.57	3
284.05	4
284.54	1
285.02	2
285.5	3
285.99	4
286.48	1
286.96	2
287.44	3
287.93	4
288.42	1
288.89	2
289.38	3
289.87	4
290.35	1
290.83	2
291.31	3
291.8	4
292.28	1
292.77	2
293.25	3
293.73	4
294.22	1
294.71	2
295.18	3
295.68	4
296.16	1
296.64	2
297.13	3
297.61	4
298.1	1
298.57	2
299.06	3
299.53	4
300.02	1
300.51	2
300.99	3
301.47	4
301.97	1
302.45	2
302.93	3
303.42	4
303.9	1
304.38	2
304.87	3
305.36	4
305.84	1
306.31	2
306.8	3
307.28	4
307.77	1
308.26	2
308.74	3
309.22	4
309.7	1
310.17	2
310.67	3
311.16	4
311.64	1
312.12	2
312.61	3
313.08	4
313.58	1
314.06	2
314.54	3
315.03	4
315.51	1
316.0	2
316.48	3
316.96	4
317.45	1
317.93	2
318.41	3
318.9	4
319.38	1
319.84	2
320.35	3
320.84	4
321.31	1
321.8	2
322.28	3
322.79	4
323.26	1
323.75	2
324.22	3
324.7	4
325.2	1
325.67	2
326.16	3
326.64	4
327.13	1
327.61	2
328.09	3
328.58	4
329.06	1
329.54	2
330.02	3
330.5	4
331.02	1
331.48	2
331.96	3
332.45	4
332.93	1
333.42	2
333.9	3
334.38	4
334.85	1
335.34	2
335.84	3
336.32	4
336.82	1
337.3	2
337.79	3
338.26	4
338.74	1
339.22	2
339.71	3
340.18	4
340.68	1
