0.12	3
0.61	4
1.09	1
1.57	2
2.04	3
2.51	4
3.0	1
3.48	2
3.95	3
4.45	4
4.93	1
5.43	2
5.94	3
6.42	4
6.9	1
7.4	2
7.89	3
8.39	4
8.87	1
9.37	2
9.87	3
10.35	4
10.83	1
11.33	2
11.84	3
12.31	4
12.8	1
13.3	2
13.8	3
14.29	4
14.76	1
15.27	2
15.77	3
16.25	4
16.77	1
17.23	2
17.73	3
18.21	4
18.7	1
19.21	2
19.7	3
20.18	4
20.67	1
21.17	2
21.66	3
22.15	4
22.64	1
23.14	2
23.63	3
24.12	4
24.63	1
25.1	2
25.61	3
26.09	4
26.57	1
27.07	2
27.58	3
28.06	4
28.55	1
29.03	2
29.54	3
30.02	4
30.51	1
31.0	2
31.51	3
31.99	4
32.48	1
32.97	2
33.46	3
33.95	4
34.45	1
34.94	2
35.43	3
35.92	4
36.4	1
36.91	2
37.4	3
37.89	4
38.37	1
38.87	2
39.37	3
39.86	4
40.35	1
40.84	2
41.34	3
41.82	4
42.31	1
42.81	2
43.31	3
43.79	4
44.28	1
44.77	2
45.26	3
45.76	4
46.24	1
46.74	2
47.24	3
47.73	4
48.22	1
48.71	2
49.2	3
49.69	4
50.17	1
50.68	2
51.18	3
51.66	4
52.16	1
52.64	2
53.14	3
53.63	4
54.11	1
54.61	2
55.1	3
55.59	4
56.08	1
56.58	2
57.08	3
57.56	4
58.05	1
58.55	2
59.04	3
59.52	4
60.01	1
60.51	2
61.01	3
61.49	4
62.0	1
62.48	2
62.97	3
63.46	4
63.95	1
64.45	2
64.92	3
65.41	4
65.93	1
66.4	2
66.92	3
67.4	4
67.91	1
68.39	2
68.89	3
69.37	4
69.85	1
70.35	2
70.84	3
71.33	4
71.81	1
72.31	2
72.81	3
73.3	4
73.8	1
74.28	2
74.78	3
75.27	4
75.75	1
76.25	2
76.74	3
77.24	4
77.74	1
78.22	2
78.71	3
79.2	4
79.69	1
80.19	2
80.67	3
81.17	4
81.66	1
82.15	2
82.65	3
83.14	4
83.63	1
84.11	2
84.61	3
85.1	4
85.59	1
86.08	2
86.57	3
87.07	4
87.55	1
88.05	2
88.55	3
89.04	4
89.52	1
90.02	2
90.51	3
91.0	4
91.49	1
91.99	2
92.48	3
92.97	4
93.47	1
93.95	2
94.45	3
94.94	4
95.42	1
95.92	2
96.42	3
96.91	4
97.38	1
97.89	2
98.38	3
98.88	4
99.39	1
99.85	2
100.35	3
100.84	4
101.32	1
101.82	2
102.32	3
102.81	4
103.29	1
103.79	2
104.28	3
104.77	4
105.27	1
105.76	2
106.25	3
106.74	4
107.23	1
107.73	2
108.21	3
108.71	4
109.21	1
109.69	2
110.18	3
110.68	4
111.16	1
111.66	2
112.15	3
112.65	4
113.13	1
113.63	2
114.12	3
114.61	4
115.09	1
115.59	2
116.1	3
116.58	4
117.06	1
117.56	2
118.05	3
118.55	4
119.03	1
119.53	2
120.02	3
120.51	4
120.99	1
121.49	2
121.98	3
122.48	4
122.95	1
123.46	2
123.96	3
124.45	4
124.93	1
125.43	2
125.92	3
126.41	4
126.89	1
127.4	2
127.88	3
128.38	4
128.87	1
129.36	2
129.87	3
130.35	4
130.83	1
131.33	2
131.82	3
132.31	4
132.81	1
133.29	2
133.79	3
134.28	4
134.77	1
135.27	2
135.76	3
136.25	4
136.75	1
137.23	2
137.73	3
138.22	4
138.71	1
139.2	2
139.69	3
140.18	4
140.66	1
141.17	2
141.66	3
142.15	4
142.63	1
143.13	2
143.63	3
144.12	4
144.61	1
145.1	2
145.59	3
146.08	4
146.58	1
147.06	2
147.56	3
148.06	4
148.55	1
149.03	2
149.52	3
150.0	4
150.5	1
151.0	2
151.5	3
152.02	4
152.51	1
152.99	2
153.47	3
153.96	4
154.45	1
154.94	2
155.43	3
155.92	4
156.41	1
156.9	2
157.39	3
157.89	4
158.38	1
158.87	2
159.39	3
159.85	4
160.34	1
160.84	2
161.34	3
161.82	4
162.31	1
162.81	2
163.32	3
163.79	4
164.27	1
164.77	2
165.27	3
165.76	4
166.25	1
166.74	2
167.23	3
167.72	4
168.22	1
168.71	2
169.19	3
169.69	4
170.18	1
170.68	2
171.17	3
171.66	4
172.14	1
172.64	2
173.14	3
173.63	4
174.12	1
174.61	2
175.12	3
175.59	4
176.08	1
176.58	2
177.07	3
177.57	4
178.08	1
178.54	2
179.04	3
179.52	4
180.02	1
180.51	2
181.02	3
181.5	4
181.99	1
182.48	2
182.97	3
183.46	4
183.97	1
184.45	2
184.94	3
185.43	4
185.92	1
186.42	2
186.91	3
187.4	4
187.88	1
188.38	2
188.89	3
189.37	4
189.84	1
190.35	2
190.86	3
191.34	4
191.82	1
192.31	2
192.81	3
193.3	4
193.79	1
194.28	2
194.78	3
195.27	4
195.74	1
196.25	2
196.76	3
197.23	4
197.73	1
198.22	2
198.73	3
199.2	4
199.71	1
200.19	2
200.68	3
201.17	4
201.65	1
202.15	2
202.65	3
203.13	4
203.61	1
204.12	2
204.64	3
205.1	4
205.59	1
206.11	2
206.6	3
207.07	4
207.57	1
208.05	2
208.54	3
209.04	4
209.52	1
210.02	2
210.54	3
211.0	4
211.49	1
211.99	2
212.48	3
212.97	4
213.47	1
213.96	2
214.44	3
214.94	4
215.42	1
215.93	2
216.4	3
216.91	4
217.39	1
217.89	2
218.37	3
218.87	4
219.37	1
219.86	2
220.36	3
220.84	4
221.34	1
221.83	2
222.32	3
222.81	4
223.31	1
223.79	2
224.31	3
224.77	4
225.27	1
225.78	2
226.27	3
226.74	4
227.22	1
227.73	2
228.21	3
228.71	4
229.2	1
229.69	2
230.17	3
230.67	4
231.18	1
231.66	2
232.17	3
232.65	4
233.16	1
233.63	2
234.13	3
234.61	4
235.1	1
235.59	2
236.09	3
236.58	4
237.06	1
237.56	2
238.06	3
238.54	4
239.03	1
239.52	2
240.02	3
240.51	4
241.01	1
241.5	2
241.99	3
242.48	4
242.96	1
243.46	2
243.97	3
244.45	4
244.93	1
245.43	2
245.93	3
246.41	4
246.9	1
247.4	2
247.89	3
248.38	4
248.87	1
249.36	2
249.86	3
250.35	4
250.83	1
251.33	2
251.82	3
252.32	4
252.81	1
253.3	2
253.82	3
254.28	4
254.79	1
255.27	2
255.77	3
256.25	4
256.73	1
257.23	2
257.74	3
258.22	4
258.73	1
259.2	2
259.7	3
260.18	4
260.66	1
261.17	2
261.67	3
262.15	4
262.64	1
263.13	2
263.63	3
264.12	4
264.6	1
265.1	2
265.59	3
266.08	4
266.56	1
267.07	2
267.57	3
268.06	4
268.54	1
269.04	2
269.54	3
270.02	4
270.52	1
271.0	2
271.51	3
271.99	4
272.48	1
272.97	2
273.48	3
273.96	4
274.43	1
274.94	2
275.44	3
275.93	4
276.4	1
276.91	2
277.41	3
277.89	4
278.37	1
278.87	2
279.39	3
279.86	4
280.36	1
280.84	2
281.34	3
281.83	4
282.29	1
282.76	2
283.23	3
283.7	4
284.16	1
284.63	2
285.12	3
285.57	4
286.06	1
286.52	2
287.0	3
287.47	4
287.94	1
288.39	2
288.86	3
289.34	4
289.8	1
290.27	2
290.76	3
291.21	4
291.69	1
292.15	2
292.64	3
293.09	4
293.57	1
294.05	2
294.52	3
294.97	4
295.46	1
295.93	2
296.4	3
296.87	4
297.34	1
297.79	2
298.28	3
