0.23	1
0.69	2
1.13	3
1.57	4
2.03	1
2.47	2
2.92	3
3.37	4
3.82	1
4.26	2
4.72	3
5.16	4
5.62	1
6.05	2
6.51	3
6.95	4
7.38	1
7.84	2
8.29	3
8.74	4
9.19	1
9.64	2
10.09	3
10.53	4
10.98	1
11.43	2
11.88	3
12.32	4
12.78	1
13.22	2
13.67	3
14.12	4
14.57	1
15.01	2
15.45	3
15.91	4
16.37	1
16.81	2
17.25	3
17.7	4
18.15	1
18.6	2
19.04	3
19.49	4
19.94	1
20.39	2
20.84	3
21.28	4
21.73	1
22.18	2
22.63	3
23.07	4
23.52	1
23.97	2
24.42	3
24.85	4
25.31	1
25.75	2
26.21	3
26.65	4
27.11	1
27.54	2
28.0	3
28.44	4
28.9	1
29.34	2
29.79	3
30.24	4
30.69	1
31.13	2
31.58	3
32.03	4
32.48	1
32.93	2
33.38	3
33.82	4
34.27	1
34.7	2
35.16	3
35.61	4
36.06	1
36.51	2
36.97	3
37.4	4
37.87	1
38.32	2
38.76	3
39.19	4
39.63	1
40.08	2
40.54	3
40.98	4
41.43	1
41.87	2
42.33	3
42.77	4
43.22	1
43.66	2
44.12	3
44.56	4
45.02	1
45.46	2
45.91	3
46.36	4
46.8	1
47.25	2
47.7	3
48.14	4
48.6	1
49.05	2
49.5	3
49.93	4
50.39	1
50.83	2
51.28	3
51.73	4
52.18	1
52.61	2
53.08	3
53.51	4
53.98	1
54.41	2
54.87	3
55.32	4
55.76	1
56.21	2
56.66	3
57.11	4
57.55	1
58.0	2
58.45	3
58.9	4
59.34	1
59.79	2
60.25	3
60.69	4
61.14	1
61.6	2
62.03	3
62.48	4
62.93	1
63.38	2
63.82	3
64.26	4
64.72	1
65.17	2
65.61	3
66.06	4
66.51	1
66.96	2
67.4	3
67.85	4
68.3	1
68.74	2
69.2	3
69.64	4
70.09	1
70.53	2
70.99	3
71.44	4
71.88	1
72.33	2
72.78	3
73.22	4
73.67	1
74.11	2
74.57	3
75.01	4
75.46	1
75.91	2
76.36	3
76.8	4
77.25	1
77.71	2
78.17	3
78.59	4
79.05	1
79.48	2
79.94	3
80.39	4
80.84	1
81.28	2
81.73	3
82.17	4
82.63	1
83.07	2
83.52	3
83.97	4
84.42	1
84.86	2
85.32	3
85.76	4
86.21	1
86.65	2
87.11	3
87.55	4
88.0	1
88.44	2
88.9	3
89.34	4
89.8	1
90.24	2
90.69	3
91.13	4
91.59	1
92.03	2
92.48	3
92.95	4
93.38	1
93.81	2
94.27	3
94.71	4
95.17	1
95.6	2
96.06	3
96.5	4
96.96	1
97.4	2
97.85	3
98.3	4
98.74	1
99.19	2
99.64	3
100.09	4
100.54	1
100.98	2
101.43	3
101.87	4
102.32	1
102.77	2
103.22	3
103.66	4
104.12	1
104.56	2
105.02	3
105.46	4
105.91	1
106.35	2
106.81	3
107.26	4
107.7	1
108.15	2
108.62	3
109.05	4
109.5	1
109.94	2
110.39	3
110.84	4
111.29	1
111.73	2
112.18	3
112.62	4
113.08	1
113.52	2
113.97	3
114.42	4
114.88	1
115.33	2
115.77	3
116.21	4
116.66	1
117.11	2
117.55	3
118.0	4
118.45	1
118.9	2
119.34	3
119.79	4
120.24	1
120.69	2
121.14	3
121.59	4
122.03	1
122.48	2
122.93	3
123.37	4
123.82	1
124.27	2
124.72	3
125.17	4
125.62	1
126.07	2
126.51	3
126.95	4
127.4	1
127.85	2
128.3	3
128.76	4
129.2	1
129.66	2
130.1	3
130.56	4
131.01	1
131.45	2
131.9	3
132.32	4
132.78	1
133.2	2
133.67	3
134.11	4
134.57	1
135.01	2
135.47	3
135.91	4
136.36	1
136.79	2
137.26	3
137.7	4
138.15	1
138.6	2
139.05	3
139.49	4
139.94	1
140.39	2
140.84	3
141.28	4
141.73	1
142.18	2
142.64	3
143.07	4
143.54	1
143.97	2
144.42	3
144.85	4
145.32	1
145.76	2
146.21	3
146.65	4
147.11	1
147.55	2
148.0	3
148.45	4
148.9	1
149.35	2
149.79	3
150.24	4
150.69	1
151.14	2
151.59	3
152.03	4
152.48	1
152.92	2
153.38	3
153.82	4
154.28	1
154.73	2
155.17	3
155.61	4
156.06	1
156.51	2
156.96	3
157.41	4
157.86	1
158.3	2
158.75	3
159.2	4
159.65	1
160.09	2
160.54	3
160.98	4
161.44	1
161.89	2
162.33	3
162.79	4
163.23	1
163.67	2
164.12	3
164.57	4
165.02	1
165.47	2
165.91	3
166.36	4
166.81	1
167.24	2
167.7	3
168.15	4
168.6	1
169.05	2
169.5	3
169.94	4
170.39	1
170.85	2
171.3	3
171.73	4
172.17	1
172.63	2
173.08	3
173.52	4
173.98	1
174.42	2
174.87	3
175.31	4
175.77	1
176.2	2
176.66	3
177.1	4
177.56	1
178.0	2
178.45	3
178.9	4
179.34	1
179.79	2
180.24	3
180.68	4
181.13	1
181.58	2
182.03	3
182.47	4
182.93	1
183.37	2
183.82	3
184.27	4
184.72	1
185.16	2
185.61	3
186.06	4
186.51	1
186.96	2
187.42	3
187.85	4
188.31	1
188.75	2
189.19	3
189.64	4
190.09	1
190.54	2
190.99	3
191.45	4
191.88	1
192.33	2
192.78	3
193.25	4
193.67	1
194.12	2
194.58	3
195.01	4
195.47	1
195.92	2
196.36	3
196.8	4
197.26	1
197.7	2
198.16	3
198.6	4
199.05	1
199.5	2
199.94	3
200.38	4
200.84	1
201.29	2
201.73	3
202.18	4
202.63	1
203.08	2
203.52	3
203.97	4
204.42	1
204.87	2
205.31	3
205.76	4
206.21	1
206.65	2
207.1	3
207.55	4
208.0	1
208.44	2
208.9	3
209.34	4
209.81	1
210.26	2
210.7	3
211.13	4
211.58	1
212.02	2
212.48	3
212.92	4
213.38	1
213.83	2
214.28	3
214.72	4
215.16	1
215.59	2
216.04	3
216.5	4
216.95	1
217.4	2
217.85	3
218.29	4
218.74	1
219.21	2
219.67	3
220.12	4
220.58	1
221.07	2
221.53	3
222.01	4
222.46	1
222.93	2
