0.31	1
0.75	2
1.18	3
1.63	4
2.08	1
2.51	2
3.0	3
3.49	4
3.95	1
4.45	2
4.93	3
5.37	4
5.85	1
6.31	2
6.75	3
7.21	4
7.68	1
8.17	2
8.62	3
9.09	4
9.56	1
10.04	2
10.49	3
10.96	4
11.41	1
11.86	2
12.3	3
12.76	4
13.19	1
13.65	2
14.08	3
14.54	4
14.96	1
15.4	2
15.84	3
16.29	4
16.74	1
17.17	2
17.62	3
18.06	4
18.52	1
18.96	2
19.42	3
19.86	4
20.31	1
20.75	2
21.19	3
21.62	4
22.07	1
22.51	2
22.95	3
23.4	4
23.83	1
24.28	2
24.72	3
25.16	4
25.59	1
26.04	2
26.49	3
26.95	4
27.38	1
27.82	2
28.25	3
28.71	4
29.14	1
29.58	2
30.04	3
30.48	4
30.93	1
31.36	2
31.79	3
32.24	4
32.7	1
33.14	2
33.6	3
34.06	4
34.51	1
34.95	2
35.39	3
35.84	4
36.28	1
36.73	2
37.17	3
37.6	4
38.05	1
38.51	2
38.94	3
39.4	4
39.84	1
40.28	2
40.71	3
41.15	4
41.6	1
42.04	2
42.48	3
42.93	4
43.36	1
43.79	2
44.24	3
44.67	4
45.13	1
45.57	2
46.01	3
46.46	4
46.89	1
47.33	2
47.77	3
48.25	4
48.7	1
49.15	2
49.6	3
50.05	4
50.5	1
50.94	2
51.39	3
51.84	4
52.27	1
52.73	2
53.15	3
53.61	4
54.05	1
54.49	2
54.93	3
55.37	4
55.82	1
56.26	2
56.7	3
57.17	4
57.59	1
58.02	2
58.45	3
58.88	4
59.34	1
59.79	2
60.23	3
60.69	4
61.12	1
61.55	2
62.0	3
62.45	4
62.93	1
63.37	2
63.81	3
64.28	4
64.73	1
65.17	2
65.64	3
66.1	4
66.53	1
66.97	2
67.4	3
67.86	4
68.28	1
68.74	2
69.17	3
69.62	4
70.06	1
70.5	2
70.92	3
71.39	4
71.84	1
72.27	2
72.73	3
73.18	4
73.62	1
74.05	2
74.48	3
74.92	4
75.37	1
75.81	2
76.24	3
76.7	4
77.15	1
77.6	2
78.03	3
78.47	4
78.92	1
79.37	2
79.8	3
80.23	4
80.68	1
81.13	2
81.57	3
82.02	4
82.46	1
82.91	2
83.35	3
83.79	4
84.24	1
84.68	2
85.12	3
85.56	4
86.02	1
86.48	2
86.91	3
87.36	4
87.82	1
88.26	2
88.68	3
89.14	4
89.57	1
90.01	2
90.45	3
90.9	4
91.35	1
91.8	2
92.24	3
92.7	4
93.14	1
93.58	2
94.03	3
94.47	4
94.91	1
95.35	2
95.8	3
96.25	4
96.68	1
97.13	2
97.57	3
98.02	4
98.46	1
98.9	2
99.34	3
99.81	4
100.23	1
100.68	2
101.12	3
101.55	4
102.0	1
102.45	2
102.91	3
103.34	4
103.79	1
104.23	2
104.68	3
105.13	4
105.57	1
106.02	2
106.46	3
106.88	4
107.34	1
107.79	2
108.23	3
108.68	4
109.12	1
109.57	2
110.0	3
110.43	4
110.87	1
111.33	2
111.77	3
112.23	4
112.66	1
113.12	2
113.54	3
114.01	4
114.44	1
114.9	2
115.35	3
115.8	4
116.22	1
116.66	2
117.13	3
117.57	4
118.03	1
118.46	2
118.9	3
119.35	4
119.78	1
120.24	2
120.67	3
121.12	4
121.56	1
122.01	2
122.44	3
122.89	4
123.33	1
123.79	2
124.23	3
124.65	4
125.1	1
125.57	2
125.99	3
126.44	4
126.88	1
127.33	2
127.77	3
128.21	4
128.65	1
129.1	2
129.55	3
129.99	4
130.43	1
130.86	2
131.32	3
131.76	4
132.23	1
132.65	2
133.11	3
133.54	4
133.97	1
134.42	2
134.88	3
135.33	4
135.79	1
136.21	2
136.67	3
137.11	4
137.55	1
137.99	2
138.46	3
138.89	4
139.32	1
139.74	2
140.18	3
140.62	4
141.08	1
141.52	2
141.99	3
142.43	4
142.88	1
143.33	2
143.77	3
144.22	4
144.66	1
145.1	2
145.53	3
145.97	4
146.42	1
146.86	2
147.3	3
147.74	4
148.19	1
148.62	2
149.06	3
149.51	4
149.96	1
150.4	2
150.85	3
151.3	4
151.75	1
152.2	2
152.64	3
153.1	4
153.52	1
153.97	2
154.4	3
154.85	4
155.32	1
155.77	2
156.2	3
156.66	4
157.09	1
157.54	2
157.99	3
158.42	4
158.87	1
159.3	2
159.73	3
160.19	4
160.63	1
161.09	2
161.52	3
161.98	4
162.44	1
162.87	2
163.31	3
163.75	4
164.21	1
164.63	2
165.08	3
165.53	4
165.97	1
166.42	2
166.86	3
167.29	4
167.75	1
168.18	2
168.63	3
169.07	4
169.53	1
169.98	2
170.4	3
170.84	4
171.28	1
171.74	2
172.19	3
172.63	4
173.08	1
173.53	2
173.99	3
174.43	4
174.87	1
175.31	2
175.75	3
176.19	4
176.64	1
177.08	2
177.52	3
177.95	4
178.4	1
178.84	2
179.29	3
179.75	4
180.18	1
180.64	2
181.06	3
181.52	4
181.95	1
182.4	2
182.84	3
183.3	4
183.73	1
184.19	2
184.63	3
185.08	4
185.52	1
185.96	2
186.4	3
186.84	4
187.28	1
187.71	2
188.17	3
188.63	4
189.07	1
189.51	2
189.95	3
190.39	4
190.84	1
191.29	2
191.73	3
192.19	4
192.62	1
193.07	2
193.49	3
193.94	4
194.38	1
194.83	2
195.29	3
195.75	4
196.18	1
196.61	2
197.05	3
197.51	4
197.94	1
198.38	2
198.81	3
199.27	4
199.73	1
200.18	2
200.62	3
201.06	4
201.49	1
201.92	2
202.37	3
202.82	4
203.29	1
203.72	2
204.18	3
204.63	4
205.06	1
205.51	2
205.96	3
206.41	4
206.87	1
207.28	2
207.73	3
208.14	4
208.59	1
209.06	2
209.49	3
209.96	4
210.41	1
210.85	2
211.28	3
211.74	4
212.17	1
212.62	2
213.06	3
213.51	4
213.96	1
214.4	2
214.84	3
215.28	4
215.73	1
216.17	2
216.6	3
217.05	4
217.49	1
217.93	2
218.36	3
218.8	4
219.25	1
219.7	2
220.15	3
220.59	4
221.04	1
221.49	2
221.93	3
222.38	4
222.83	1
223.26	2
223.7	3
224.15	4
224.57	1
225.02	2
225.49	3
225.96	4
226.46	1
226.93	2
227.4	3
227.88	4
228.37	1
228.82	2
229.29	3
229.75	4
230.21	1
230.63	2
231.07	3
231.53	4
231.95	1
232.39	2
232.84	3
233.27	4
233.71	1
234.16	2
234.6	3
235.03	4
235.47	1
235.93	2
236.38	3
236.83	4
237.26	1
237.71	2
238.14	3
238.54	4
238.95	1
239.34	2
239.72	3
240.17	4
240.6	1
241.05	2
241.47	3
241.92	4
242.37	1
242.8	2
243.25	3
243.71	4
244.14	1
244.59	2
245.03	3
245.48	4
245.92	1
246.37	2
246.8	3
247.24	4
247.69	1
248.13	2
248.59	3
249.04	4
249.49	1
249.92	2
250.37	3
250.82	4
251.25	1
251.7	2
252.13	3
252.57	4
253.01	1
253.47	2
253.9	3
254.35	4
254.8	1
255.23	2
255.67	3
256.11	4
256.56	1
257.01	2
257.46	3
257.92	4
258.36	1
258.8	2
259.25	3
259.71	4
260.14	1
260.58	2
261.02	3
261.48	4
261.93	1
262.38	2
262.8	3
263.24	4
263.69	1
264.14	2
264.58	3
265.04	4
265.47	1
265.92	2
266.35	3
266.8	4
267.25	1
267.69	2
268.12	3
268.57	4
269.02	1
269.46	2
269.91	3
270.34	4
270.79	1
271.23	2
271.68	3
272.14	4
272.58	1
273.02	2
273.46	3
273.9	4
274.35	1
274.79	2
275.23	3
275.68	4
276.12	1
276.56	2
277.01	3
277.46	4
277.9	1
278.35	2
278.79	3
279.24	4
279.68	1
280.12	2
280.57	3
281.02	4
281.45	1
281.89	2
282.33	3
282.79	4
283.23	1
283.69	2
284.11	3
284.55	4
285.0	1
285.44	2
285.89	3
286.34	4
286.79	1
287.24	2
287.68	3
288.13	4
288.58	1
289.04	2
289.53	3
290.01	4
290.49	1
290.98	2
291.45	3
291.89	4
292.34	1
292.81	2
293.23	3
293.67	4
294.12	1
294.57	2
295.0	3
295.45	4
295.9	1
296.35	2
296.8	3
297.23	4
297.7	1
298.15	2
298.58	3
299.01	4
299.47	1
299.9	2
300.34	3
300.79	4
301.24	1
301.68	2
302.15	3
302.64	4
303.1	1
303.56	2
304.04	3
304.51	4
304.99	1
305.45	2
305.93	3
306.4	4
306.85	1
307.34	2
307.8	3
308.26	4
308.73	1
309.22	2
309.67	3
310.15	4
310.62	1
311.1	2
311.57	3
312.03	4
312.5	1
312.96	2
313.43	3
313.91	4
314.38	1
314.86	2
315.31	3
315.78	4
316.25	1
