0.37	2
0.85	3
1.3	4
1.75	1
2.21	2
2.69	3
3.15	4
3.57	1
4.01	2
4.42	3
4.86	4
5.28	1
5.73	2
6.14	3
6.58	4
7.0	1
7.44	2
7.85	3
8.29	4
8.71	1
9.14	2
9.58	3
10.0	4
10.42	1
10.86	2
11.28	3
11.72	4
12.15	1
12.58	2
13.0	3
13.43	4
13.86	1
14.29	2
14.72	3
15.15	4
15.6	1
16.0	2
16.42	3
16.86	4
17.28	1
17.72	2
18.14	3
18.57	4
19.0	1
19.45	2
19.85	3
20.28	4
20.71	1
21.15	2
21.57	3
22.01	4
22.43	1
22.86	2
23.28	3
23.72	4
24.13	1
24.57	2
25.0	3
25.44	4
25.87	1
26.29	2
26.71	3
27.15	4
27.58	1
28.01	2
28.43	3
28.86	4
29.29	1
29.74	2
30.15	3
30.6	4
31.01	1
31.45	2
31.89	3
32.3	4
32.73	1
33.16	2
33.59	3
34.02	4
34.45	1
34.87	2
35.28	3
35.73	4
36.14	1
36.57	2
37.0	3
37.43	4
37.87	1
38.3	2
38.74	3
39.15	4
39.58	1
39.99	2
40.42	3
40.86	4
41.3	1
41.72	2
42.15	3
42.58	4
43.0	1
43.44	2
43.86	3
44.29	4
44.72	1
45.13	2
45.58	3
45.99	4
46.43	1
46.87	2
47.29	3
47.73	4
48.16	1
48.57	2
49.01	3
49.45	4
49.86	1
50.3	2
50.72	3
51.16	4
51.56	1
51.99	2
52.43	3
52.85	4
53.29	1
53.72	2
54.15	3
54.58	4
55.02	1
55.44	2
55.86	3
56.3	4
56.72	1
57.16	2
57.58	3
58.03	4
58.44	1
58.87	2
59.29	3
59.72	4
60.13	1
60.58	2
61.0	3
61.44	4
61.85	1
62.29	2
62.71	3
63.16	4
63.59	1
64.02	2
64.43	3
64.88	4
65.3	1
65.72	2
66.15	3
66.56	4
66.99	1
67.43	2
67.87	3
68.28	4
68.73	1
69.15	2
69.57	3
70.0	4
70.43	1
70.88	2
71.31	3
71.72	4
72.15	1
72.6	2
73.02	3
73.46	4
73.87	1
74.32	2
74.73	3
75.16	4
75.6	1
76.03	2
76.47	3
76.87	4
77.3	1
77.72	2
78.14	3
78.58	4
79.01	1
79.44	2
79.86	3
80.3	4
80.72	1
81.15	2
81.58	3
82.0	4
82.45	1
82.86	2
83.31	3
83.72	4
84.15	1
84.6	2
85.01	3
85.44	4
85.89	1
86.3	2
86.73	3
87.16	4
87.58	1
88.01	2
88.43	3
88.86	4
89.29	1
89.72	2
90.15	3
90.58	4
91.0	1
91.45	2
91.86	3
92.3	4
92.74	1
93.16	2
93.58	3
94.0	4
94.43	1
94.87	2
95.29	3
95.73	4
96.14	1
96.58	2
97.01	3
97.43	4
97.86	1
98.3	2
98.72	3
99.15	4
99.6	1
100.01	2
100.44	3
100.88	4
101.3	1
101.73	2
102.15	3
102.59	4
103.0	1
103.43	2
103.85	3
104.3	4
104.71	1
105.15	2
105.57	3
106.02	4
106.43	1
106.87	2
107.29	3
107.74	4
108.15	1
108.6	2
109.0	3
109.44	4
109.86	1
110.28	2
110.72	3
111.14	4
111.58	1
112.0	2
112.44	3
112.85	4
113.3	1
113.71	2
114.14	3
114.57	4
115.0	1
115.45	2
115.87	3
116.3	4
116.72	1
117.15	2
117.58	3
117.99	4
118.44	1
118.87	2
119.29	3
119.72	4
120.16	1
120.58	2
121.0	3
121.43	4
121.86	1
122.3	2
122.72	3
123.15	4
123.58	1
124.01	2
124.43	3
124.86	4
125.28	1
125.72	2
126.13	3
126.57	4
126.99	1
127.44	2
127.86	3
128.29	4
128.71	1
129.15	2
129.57	3
130.01	4
130.43	1
130.86	2
131.29	3
131.72	4
132.17	1
132.57	2
132.99	3
133.44	4
133.85	1
134.3	2
134.71	3
135.15	4
135.57	1
136.02	2
136.43	3
136.86	4
137.28	1
137.73	2
138.14	3
138.58	4
139.0	1
139.44	2
139.86	3
140.29	4
140.73	1
141.15	2
141.58	3
142.01	4
142.46	1
142.86	2
143.28	3
143.72	4
144.14	1
144.58	2
145.01	3
145.44	4
145.86	1
146.31	2
146.72	3
147.17	4
147.58	1
148.03	2
148.45	3
148.87	4
149.32	1
149.73	2
150.16	3
150.59	4
151.04	1
151.45	2
151.87	3
152.3	4
152.72	1
153.15	2
153.58	3
154.0	4
154.45	1
154.86	2
155.29	3
155.73	4
156.15	1
156.6	2
157.0	3
157.42	4
157.87	1
158.3	2
158.73	3
159.14	4
159.57	1
160.02	2
160.44	3
160.86	4
161.29	1
161.73	2
162.15	3
162.58	4
163.02	1
163.45	2
163.86	3
164.29	4
164.73	1
165.15	2
165.58	3
166.01	4
166.43	1
166.87	2
167.29	3
167.73	4
168.17	1
168.59	2
169.01	3
169.44	4
169.85	1
170.3	2
170.72	3
171.16	4
171.59	1
172.0	2
172.43	3
172.87	4
173.29	1
173.73	2
174.15	3
174.59	4
175.01	1
175.44	2
175.85	3
176.29	4
176.7	1
177.15	2
177.57	3
178.01	4
178.42	1
178.87	2
179.28	3
179.72	4
180.15	1
180.59	2
181.0	3
181.44	4
181.86	1
182.29	2
182.73	3
183.15	4
183.59	1
184.01	2
184.44	3
184.85	4
185.29	1
185.71	2
186.13	3
186.56	4
186.99	1
187.44	2
187.87	3
188.3	4
188.71	1
189.16	2
189.57	3
190.01	4
190.43	1
190.87	2
191.29	3
191.73	4
192.15	1
192.58	2
192.99	3
193.37	4
193.76	1
194.15	2
194.58	3
195.01	4
195.44	1
195.91	2
196.36	3
196.81	4
197.24	1
197.71	2
198.15	3
198.58	4
199.0	1
199.44	2
199.86	3
200.31	4
200.71	1
201.15	2
201.57	3
202.01	4
202.43	1
202.88	2
203.29	3
203.74	4
204.15	1
204.59	2
205.01	3
205.44	4
205.87	1
206.3	2
206.72	3
207.16	4
207.57	1
207.97	2
208.34	3
208.74	4
209.16	1
209.59	2
210.0	3
210.45	4
210.87	1
211.29	2
211.73	3
212.15	4
212.58	1
213.01	2
213.44	3
213.88	4
214.33	1
214.76	2
215.21	3
215.64	4
216.07	1
216.51	2
216.95	3
217.41	4
