0	2.42	2.68	75	80	80	0
0	2.42	2.68	79	80	80	0
0	2.42	2.68	82	80	80	0
0	2.86	3.0300000000000002	71	80	80	0
0	2.86	3.0300000000000002	74	80	80	0
0	2.86	3.0300000000000002	78	80	80	0
0	3.45	4.39	73	80	80	0
0	3.45	4.39	77	80	80	0
0	3.45	4.39	80	80	80	0
0	4.39	7.19	80	80	80	0
0	4.39	7.19	84	80	80	0
0	4.39	7.19	87	80	80	0
0	7.19	7.8500000000000005	75	80	80	0
0	7.19	7.8500000000000005	79	80	80	0
0	7.19	7.8500000000000005	82	80	80	0
0	7.8500000000000005	7.9	79	80	80	0
0	7.8500000000000005	7.9	83	80	80	0
0	7.8500000000000005	7.9	86	80	80	0
0	7.9	8.08	75	80	80	0
0	7.9	8.08	78	80	80	0
0	7.9	8.08	82	80	80	0
0	8.08	8.14	79	80	80	0
0	8.08	8.14	83	80	80	0
0	8.08	8.14	86	80	80	0
0	8.14	8.17	75	80	80	0
0	8.14	8.17	79	80	80	0
0	8.14	8.17	82	80	80	0
0	8.17	8.96	73	80	80	0
0	8.17	8.96	77	80	80	0
0	8.17	8.96	80	80	80	0
0	8.96	11.870000000000001	80	80	80	0
0	8.96	11.870000000000001	84	80	80	0
0	8.96	11.870000000000001	87	80	80	0
0	11.870000000000001	12.33	75	80	80	0
0	11.870000000000001	12.33	79	80	80	0
0	11.870000000000001	12.33	82	80	80	0
0	12.33	12.58	75	80	80	0
0	12.33	12.58	78	80	80	0
0	12.33	12.58	82	80	80	0
0	12.58	12.76	80	80	80	0
0	12.58	12.76	83	80	80	0
0	12.58	12.76	87	80	80	0
0	12.76	12.790000000000001	75	80	80	0
0	12.76	12.790000000000001	78	80	80	0
0	12.76	12.790000000000001	82	80	80	0
0	12.790000000000001	12.83	80	80	80	0
0	12.790000000000001	12.83	84	80	80	0
0	12.790000000000001	12.83	87	80	80	0
0	12.83	12.84	73	80	80	0
0	12.83	12.84	77	80	80	0
0	12.83	12.84	80	80	80	0
0	12.84	12.85	80	80	80	0
0	12.84	12.85	84	80	80	0
0	12.84	12.85	87	80	80	0
0	12.85	12.9	73	80	80	0
0	12.85	12.9	77	80	80	0
0	12.85	12.9	80	80	80	0
0	12.9	13.040000000000001	73	80	80	0
0	12.9	13.040000000000001	76	80	80	0
0	12.9	13.040000000000001	80	80	80	0
0	13.040000000000001	13.61	73	80	80	0
0	13.040000000000001	13.61	77	80	80	0
0	13.040000000000001	13.61	80	80	80	0
0	13.61	16.59	80	80	80	0
0	13.61	16.59	84	80	80	0
0	13.61	16.59	87	80	80	0
0	16.59	17.01	75	80	80	0
0	16.59	17.01	79	80	80	0
0	16.59	17.01	82	80	80	0
0	17.01	17.44	79	80	80	0
0	17.01	17.44	83	80	80	0
0	17.01	17.44	86	80	80	0
0	17.44	18.27	73	80	80	0
0	17.44	18.27	77	80	80	0
0	17.44	18.27	80	80	80	0
0	18.27	20.69	80	80	80	0
0	18.27	20.69	84	80	80	0
0	18.27	20.69	87	80	80	0
0	20.69	21.01	73	80	80	0
0	20.69	21.01	77	80	80	0
0	20.69	21.01	80	80	80	0
0	21.01	22.1	75	80	80	0
0	21.01	22.1	79	80	80	0
0	21.01	22.1	82	80	80	0
0	22.1	23.34	73	80	80	0
0	22.1	23.34	77	80	80	0
0	22.1	23.34	80	80	80	0
0	23.34	24.990000000000002	72	80	80	0
0	23.34	24.990000000000002	75	80	80	0
0	23.34	24.990000000000002	79	80	80	0
0	24.990000000000002	25.57	75	80	80	0
0	24.990000000000002	25.57	79	80	80	0
0	24.990000000000002	25.57	82	80	80	0
0	25.57	25.6	75	80	80	0
0	25.57	25.6	78	80	80	0
0	25.57	25.6	82	80	80	0
0	25.6	25.740000000000002	75	80	80	0
0	25.6	25.740000000000002	79	80	80	0
0	25.6	25.740000000000002	82	80	80	0
0	25.740000000000002	26.82	79	80	80	0
0	25.740000000000002	26.82	83	80	80	0
0	25.740000000000002	26.82	86	80	80	0
0	26.82	26.92	79	80	80	0
0	26.82	26.92	82	80	80	0
0	26.82	26.92	86	80	80	0
0	26.92	28.09	72	80	80	0
0	26.92	28.09	75	80	80	0
0	26.92	28.09	79	80	80	0
0	28.09	28.19	77	80	80	0
0	28.09	28.19	80	80	80	0
0	28.09	28.19	84	80	80	0
0	28.19	28.26	77	80	80	0
0	28.19	28.26	81	80	80	0
0	28.19	28.26	84	80	80	0
0	28.26	28.78	77	80	80	0
0	28.26	28.78	80	80	80	0
0	28.26	28.78	84	80	80	0
0	28.78	29.53	77	80	80	0
0	28.78	29.53	81	80	80	0
0	28.78	29.53	84	80	80	0
0	29.53	30.03	70	80	80	0
0	29.53	30.03	74	80	80	0
0	29.53	30.03	77	80	80	0
0	30.03	30.35	70	80	80	0
0	30.03	30.35	73	80	80	0
0	30.03	30.35	77	80	80	0
0	30.35	31.48	75	80	80	0
0	30.35	31.48	79	80	80	0
0	30.35	31.48	82	80	80	0
0	31.48	32.65	73	80	80	0
0	31.48	32.65	77	80	80	0
0	31.48	32.65	80	80	80	0
0	32.65	34.25	72	80	80	0
0	32.65	34.25	75	80	80	0
0	32.65	34.25	79	80	80	0
0	34.25	34.85	75	80	80	0
0	34.25	34.85	79	80	80	0
0	34.25	34.85	82	80	80	0
0	34.85	34.9	75	80	80	0
0	34.85	34.9	78	80	80	0
0	34.85	34.9	82	80	80	0
0	34.9	35.03	75	80	80	0
0	34.9	35.03	79	80	80	0
0	34.9	35.03	82	80	80	0
0	35.03	35.64	79	80	80	0
0	35.03	35.64	83	80	80	0
0	35.03	35.64	86	80	80	0
0	35.64	36.230000000000004	79	80	80	0
0	35.64	36.230000000000004	82	80	80	0
0	35.64	36.230000000000004	86	80	80	0
0	36.230000000000004	37.47	72	80	80	0
0	36.230000000000004	37.47	75	80	80	0
0	36.230000000000004	37.47	79	80	80	0
0	37.47	38.5	70	80	80	0
0	37.47	38.5	74	80	80	0
0	37.47	38.5	77	80	80	0
0	38.5	41.730000000000004	75	80	80	0
0	38.5	41.730000000000004	79	80	80	0
0	38.5	41.730000000000004	82	80	80	0
0	41.730000000000004	44.36	70	80	80	0
0	41.730000000000004	44.36	74	80	80	0
0	41.730000000000004	44.36	77	80	80	0
0	44.36	47.01	72	80	80	0
0	44.36	47.01	75	80	80	0
0	44.36	47.01	79	80	80	0
0	47.01	48.9	70	80	80	0
0	47.01	48.9	74	80	80	0
0	47.01	48.9	77	80	80	0
0	49.21	49.65	78	80	80	0
0	49.21	49.65	82	80	80	0
0	49.21	49.65	85	80	80	0
0	49.65	49.96	80	80	80	0
0	49.65	49.96	83	80	80	0
0	49.65	49.96	87	80	80	0
0	49.96	49.980000000000004	80	80	80	0
0	49.96	49.980000000000004	84	80	80	0
0	49.96	49.980000000000004	87	80	80	0
0	50.08	50.160000000000004	80	80	80	0
0	50.08	50.160000000000004	84	80	80	0
0	50.08	50.160000000000004	87	80	80	0
0	50.160000000000004	50.88	70	80	80	0
0	50.160000000000004	50.88	74	80	80	0
0	50.160000000000004	50.88	77	80	80	0
0	50.88	51.050000000000004	80	80	80	0
0	50.88	51.050000000000004	84	80	80	0
0	50.88	51.050000000000004	87	80	80	0
0	51.050000000000004	51.26	79	80	80	0
0	51.050000000000004	51.26	83	80	80	0
0	51.050000000000004	51.26	86	80	80	0
0	51.26	52.07	80	80	80	0
0	51.26	52.07	84	80	80	0
0	51.26	52.07	87	80	80	0
0	52.07	52.410000000000004	79	80	80	0
0	52.07	52.410000000000004	83	80	80	0
0	52.07	52.410000000000004	86	80	80	0
0	52.410000000000004	53.29	80	80	80	0
0	52.410000000000004	53.29	84	80	80	0
0	52.410000000000004	53.29	87	80	80	0
0	53.29	54.52	79	80	80	0
0	53.29	54.52	82	80	80	0
0	53.29	54.52	86	80	80	0
0	54.52	56.06	72	80	80	0
0	54.52	56.06	75	80	80	0
0	54.52	56.06	79	80	80	0
0	56.06	56.69	77	80	80	0
0	56.06	56.69	80	80	80	0
0	56.06	56.69	84	80	80	0
0	56.69	56.76	80	80	80	0
0	56.69	56.76	84	80	80	0
0	56.69	56.76	87	80	80	0
0	56.96	56.980000000000004	80	80	80	0
0	56.96	56.980000000000004	84	80	80	0
0	56.96	56.980000000000004	87	80	80	0
0	57.01	57.04	75	80	80	0
0	57.01	57.04	79	80	80	0
0	57.01	57.04	82	80	80	0
0	57.35	57.9	79	80	80	0
0	57.35	57.9	82	80	80	0
0	57.35	57.9	86	80	80	0
0	57.92	59.25	80	80	80	0
0	57.92	59.25	84	80	80	0
0	57.92	59.25	87	80	80	0
0	59.25	60.39	70	80	80	0
0	59.25	60.39	74	80	80	0
0	59.25	60.39	77	80	80	0
0	60.39	61.5	80	80	80	0
0	60.39	61.5	84	80	80	0
0	60.39	61.5	87	80	80	0
0	61.5	61.75	79	80	80	0
0	61.5	61.75	83	80	80	0
0	61.5	61.75	86	80	80	0
0	61.75	62.83	80	80	80	0
0	61.75	62.83	84	80	80	0
0	61.75	62.83	87	80	80	0
0	62.83	63.78	79	80	80	0
0	62.83	63.78	82	80	80	0
0	62.83	63.78	86	80	80	0
0	63.78	65.5	72	80	80	0
0	63.78	65.5	75	80	80	0
0	63.78	65.5	79	80	80	0
0	65.5	65.53	77	80	80	0
0	65.5	65.53	81	80	80	0
0	65.5	65.53	84	80	80	0
0	65.53	65.63	77	80	80	0
0	65.53	65.63	80	80	80	0
0	65.53	65.63	84	80	80	0
0	65.63	65.65	77	80	80	0
0	65.63	65.65	81	80	80	0
0	65.63	65.65	84	80	80	0
0	65.65	65.66	77	80	80	0
0	65.65	65.66	80	80	80	0
0	65.65	65.66	84	80	80	0
0	65.66	66.52	77	80	80	0
0	65.66	66.52	81	80	80	0
0	65.66	66.52	84	80	80	0
0	66.52	66.7	70	80	80	0
0	66.52	66.7	74	80	80	0
0	66.52	66.7	77	80	80	0
0	66.7	66.92	79	80	80	0
0	66.7	66.92	82	80	80	0
0	66.7	66.92	86	80	80	0
0	66.92	67.62	79	80	80	0
0	66.92	67.62	83	80	80	0
0	66.92	67.62	86	80	80	0
0	67.62	68.04	80	80	80	0
0	67.62	68.04	84	80	80	0
0	67.62	68.04	87	80	80	0
0	68.04	68.17	80	80	80	0
0	68.04	68.17	83	80	80	0
0	68.04	68.17	87	80	80	0
0	68.17	68.57000000000001	80	80	80	0
0	68.17	68.57000000000001	84	80	80	0
0	68.17	68.57000000000001	87	80	80	0
0	68.57000000000001	69.75	80	80	80	0
0	68.57000000000001	69.75	83	80	80	0
0	68.57000000000001	69.75	87	80	80	0
0	69.75	70.47	75	80	80	0
0	69.75	70.47	79	80	80	0
0	69.75	70.47	82	80	80	0
0	70.47	70.58	71	80	80	0
0	70.47	70.58	75	80	80	0
0	70.47	70.58	78	80	80	0
0	70.58	71.02	80	80	80	0
0	70.58	71.02	83	80	80	0
0	70.58	71.02	87	80	80	0
0	71.02	71.08	75	80	80	0
0	71.02	71.08	78	80	80	0
0	71.02	71.08	82	80	80	0
0	71.08	71.92	73	80	80	0
0	71.08	71.92	77	80	80	0
0	71.08	71.92	80	80	80	0
0	71.92	74.71000000000001	80	80	80	0
0	71.92	74.71000000000001	84	80	80	0
0	71.92	74.71000000000001	87	80	80	0
0	74.71000000000001	75.52	75	80	80	0
0	74.71000000000001	75.52	79	80	80	0
0	74.71000000000001	75.52	82	80	80	0
0	75.62	75.75	75	80	80	0
0	75.62	75.75	78	80	80	0
0	75.62	75.75	82	80	80	0
0	75.75	76.32000000000001	73	80	80	0
0	75.75	76.32000000000001	77	80	80	0
0	75.75	76.32000000000001	80	80	80	0
0	76.32000000000001	79.41	80	80	80	0
0	76.32000000000001	79.41	84	80	80	0
0	76.32000000000001	79.41	87	80	80	0
0	79.41	80.42	75	80	80	0
0	79.41	80.42	79	80	80	0
0	79.41	80.42	82	80	80	0
0	80.42	81.56	73	80	80	0
0	80.42	81.56	77	80	80	0
0	80.42	81.56	80	80	80	0
0	81.56	83.18	72	80	80	0
0	81.56	83.18	75	80	80	0
0	81.56	83.18	79	80	80	0
0	83.18	83.19	75	80	80	0
0	83.18	83.19	79	80	80	0
0	83.18	83.19	82	80	80	0
0	83.19	83.21000000000001	72	80	80	0
0	83.19	83.21000000000001	75	80	80	0
0	83.19	83.21000000000001	79	80	80	0
0	83.21000000000001	84.08	75	80	80	0
0	83.21000000000001	84.08	79	80	80	0
0	83.21000000000001	84.08	82	80	80	0
0	84.08	84.63	79	80	80	0
0	84.08	84.63	83	80	80	0
0	84.08	84.63	86	80	80	0
0	84.63	85.22	79	80	80	0
0	84.63	85.22	82	80	80	0
0	84.63	85.22	86	80	80	0
0	85.22	86.16	72	80	80	0
0	85.22	86.16	75	80	80	0
0	85.22	86.16	79	80	80	0
0	86.16	86.22	80	80	80	0
0	86.16	86.22	84	80	80	0
0	86.16	86.22	87	80	80	0
0	86.22	86.89	77	80	80	0
0	86.22	86.89	80	80	80	0
0	86.22	86.89	84	80	80	0
0	86.89	87.61	77	80	80	0
0	86.89	87.61	81	80	80	0
0	86.89	87.61	84	80	80	0
0	87.61	87.84	70	80	80	0
0	87.61	87.84	74	80	80	0
0	87.61	87.84	77	80	80	0
0	87.84	88.61	70	80	80	0
0	87.84	88.61	73	80	80	0
0	87.84	88.61	77	80	80	0
0	88.61	89.72	75	80	80	0
0	88.61	89.72	79	80	80	0
0	88.61	89.72	82	80	80	0
0	89.72	90.9	73	80	80	0
0	89.72	90.9	77	80	80	0
0	89.72	90.9	80	80	80	0
0	90.9	92.55	72	80	80	0
0	90.9	92.55	75	80	80	0
0	90.9	92.55	79	80	80	0
0	92.55	93.02	75	80	80	0
0	92.55	93.02	79	80	80	0
0	92.55	93.02	82	80	80	0
0	93.02	93.05	75	80	80	0
0	93.02	93.05	78	80	80	0
0	93.02	93.05	82	80	80	0
0	93.05	93.15	75	80	80	0
0	93.05	93.15	79	80	80	0
0	93.05	93.15	82	80	80	0
0	93.15	93.18	75	80	80	0
0	93.15	93.18	78	80	80	0
0	93.15	93.18	82	80	80	0
0	93.18	93.26	75	80	80	0
0	93.18	93.26	79	80	80	0
0	93.18	93.26	82	80	80	0
0	93.26	93.85000000000001	79	80	80	0
0	93.26	93.85000000000001	83	80	80	0
0	93.26	93.85000000000001	86	80	80	0
0	93.85000000000001	94.45	79	80	80	0
0	93.85000000000001	94.45	82	80	80	0
0	93.85000000000001	94.45	86	80	80	0
0	94.45	95.85000000000001	72	80	80	0
0	94.45	95.85000000000001	75	80	80	0
0	94.45	95.85000000000001	79	80	80	0
0	95.85000000000001	96.78	70	80	80	0
0	95.85000000000001	96.78	74	80	80	0
0	95.85000000000001	96.78	77	80	80	0
0	96.78	100.03	75	80	80	0
0	96.78	100.03	79	80	80	0
0	96.78	100.03	82	80	80	0
0	100.03	102.64	70	80	80	0
0	100.03	102.64	74	80	80	0
0	100.03	102.64	77	80	80	0
0	102.64	105.13	72	80	80	0
0	102.64	105.13	75	80	80	0
0	102.64	105.13	79	80	80	0
0	105.13	107.51	70	80	80	0
0	105.13	107.51	74	80	80	0
0	105.13	107.51	77	80	80	0
0	107.71000000000001	107.92	71	80	80	0
0	107.71000000000001	107.92	75	80	80	0
0	107.71000000000001	107.92	78	80	80	0
0	107.92	107.94	80	80	80	0
0	107.92	107.94	83	80	80	0
0	107.92	107.94	87	80	80	0
0	108.4	108.51	70	80	80	0
0	108.4	108.51	74	80	80	0
0	108.4	108.51	77	80	80	0
0	108.51	108.58	80	80	80	0
0	108.51	108.58	84	80	80	0
0	108.51	108.58	87	80	80	0
0	108.58	109.10000000000001	70	80	80	0
0	108.58	109.10000000000001	74	80	80	0
0	108.58	109.10000000000001	77	80	80	0
0	109.10000000000001	109.11	80	80	80	0
0	109.10000000000001	109.11	84	80	80	0
0	109.10000000000001	109.11	87	80	80	0
0	109.11	109.13	70	80	80	0
0	109.11	109.13	74	80	80	0
0	109.11	109.13	77	80	80	0
0	109.13	109.18	80	80	80	0
0	109.13	109.18	84	80	80	0
0	109.13	109.18	87	80	80	0
0	109.25	109.28	80	80	80	0
0	109.25	109.28	84	80	80	0
0	109.25	109.28	87	80	80	0
0	109.28	109.33	75	80	80	0
0	109.28	109.33	79	80	80	0
0	109.28	109.33	82	80	80	0
0	109.33	109.41	80	80	80	0
0	109.33	109.41	84	80	80	0
0	109.33	109.41	87	80	80	0
0	109.41	109.48	79	80	80	0
0	109.41	109.48	83	80	80	0
0	109.41	109.48	86	80	80	0
0	109.48	110.43	80	80	80	0
0	109.48	110.43	84	80	80	0
0	109.48	110.43	87	80	80	0
0	110.43	110.63	79	80	80	0
0	110.43	110.63	83	80	80	0
0	110.43	110.63	86	80	80	0
0	110.63	111.58	80	80	80	0
0	110.63	111.58	84	80	80	0
0	110.63	111.58	87	80	80	0
0	111.58	112.77	79	80	80	0
0	111.58	112.77	82	80	80	0
0	111.58	112.77	86	80	80	0
0	112.77	114.29	72	80	80	0
0	112.77	114.29	75	80	80	0
0	112.77	114.29	79	80	80	0
0	114.29	114.73	77	80	80	0
0	114.29	114.73	80	80	80	0
0	114.29	114.73	84	80	80	0
0	114.8	114.92	80	80	80	0
0	114.8	114.92	84	80	80	0
0	114.8	114.92	87	80	80	0
0	114.92	115.0	75	80	80	0
0	114.92	115.0	79	80	80	0
0	114.92	115.0	82	80	80	0
0	115.24000000000001	115.28	75	80	80	0
0	115.24000000000001	115.28	79	80	80	0
0	115.24000000000001	115.28	82	80	80	0
0	115.52	115.89	79	80	80	0
0	115.52	115.89	82	80	80	0
0	115.52	115.89	86	80	80	0
0	115.89	116.02	79	80	80	0
0	115.89	116.02	83	80	80	0
0	115.89	116.02	86	80	80	0
0	116.02	117.5	80	80	80	0
0	116.02	117.5	84	80	80	0
0	116.02	117.5	87	80	80	0
0	117.5	118.65	70	80	80	0
0	117.5	118.65	74	80	80	0
0	117.5	118.65	77	80	80	0
0	118.65	120.83	80	80	80	0
0	118.65	120.83	84	80	80	0
0	118.65	120.83	87	80	80	0
0	120.83	121.99000000000001	79	80	80	0
0	120.83	121.99000000000001	82	80	80	0
0	120.83	121.99000000000001	86	80	80	0
0	121.99000000000001	123.53	72	80	80	0
0	121.99000000000001	123.53	75	80	80	0
0	121.99000000000001	123.53	79	80	80	0
0	123.53	124.71000000000001	77	80	80	0
0	123.53	124.71000000000001	80	80	80	0
0	123.53	124.71000000000001	84	80	80	0
0	124.72	125.58	79	80	80	0
0	124.72	125.58	82	80	80	0
0	124.72	125.58	86	80	80	0
0	125.58	125.89	79	80	80	0
0	125.58	125.89	83	80	80	0
0	125.58	125.89	86	80	80	0
0	125.89	126.31	73	80	80	0
0	125.89	126.31	76	80	80	0
0	125.89	126.31	80	80	80	0
0	126.31	126.48	80	80	80	0
0	126.31	126.48	83	80	80	0
0	126.31	126.48	87	80	80	0
0	126.48	126.76	73	80	80	0
0	126.48	126.76	76	80	80	0
0	126.48	126.76	80	80	80	0
0	126.76	127.94	80	80	80	0
0	126.76	127.94	83	80	80	0
0	126.76	127.94	87	80	80	0
0	127.94	128.03	71	80	80	0
0	127.94	128.03	75	80	80	0
0	127.94	128.03	78	80	80	0
0	128.03	128.06	80	80	80	0
0	128.03	128.06	83	80	80	0
0	128.03	128.06	87	80	80	0
0	128.06	128.67000000000002	75	80	80	0
0	128.06	128.67000000000002	79	80	80	0
0	128.06	128.67000000000002	82	80	80	0
0	128.67000000000002	128.71	71	80	80	0
0	128.67000000000002	128.71	75	80	80	0
0	128.67000000000002	128.71	78	80	80	0
0	128.86	128.88	75	80	80	0
0	128.86	128.88	79	80	80	0
0	128.86	128.88	82	80	80	0
0	128.88	128.89000000000001	71	80	80	0
0	128.88	128.89000000000001	75	80	80	0
0	128.88	128.89000000000001	78	80	80	0
0	128.89000000000001	128.96	75	80	80	0
0	128.89000000000001	128.96	79	80	80	0
0	128.89000000000001	128.96	82	80	80	0
0	128.96	129.0	80	80	80	0
0	128.96	129.0	83	80	80	0
0	128.96	129.0	87	80	80	0
0	129.0	129.08	75	80	80	0
0	129.0	129.08	79	80	80	0
0	129.0	129.08	82	80	80	0
0	129.08	129.14000000000001	80	80	80	0
0	129.08	129.14000000000001	83	80	80	0
0	129.08	129.14000000000001	87	80	80	0
0	129.14000000000001	129.24	75	80	80	0
0	129.14000000000001	129.24	79	80	80	0
0	129.14000000000001	129.24	82	80	80	0
0	129.24	129.43	80	80	80	0
0	129.24	129.43	84	80	80	0
0	129.24	129.43	87	80	80	0
0	129.43	129.72	73	80	80	0
0	129.43	129.72	76	80	80	0
0	129.43	129.72	80	80	80	0
0	129.72	129.9	73	80	80	0
0	129.72	129.9	77	80	80	0
0	129.72	129.9	80	80	80	0
0	129.9	129.97	73	80	80	0
0	129.9	129.97	76	80	80	0
0	129.9	129.97	80	80	80	0
0	129.97	133.53	80	80	80	0
0	129.97	133.53	84	80	80	0
0	129.97	133.53	87	80	80	0
0	133.53	133.65	74	80	80	0
0	133.53	133.65	77	80	80	0
0	133.53	133.65	81	80	80	0
0	133.65	134.02	77	80	80	0
0	133.65	134.02	80	80	80	0
0	133.65	134.02	84	80	80	0
0	134.02	134.95	73	80	80	0
0	134.02	134.95	77	80	80	0
0	134.02	134.95	80	80	80	0
0	134.95	135.19	80	80	80	0
0	134.95	135.19	83	80	80	0
0	134.95	135.19	87	80	80	0
0	135.19	135.24	80	80	80	0
0	135.19	135.24	84	80	80	0
0	135.19	135.24	87	80	80	0
0	135.24	135.27	80	80	80	0
0	135.24	135.27	83	80	80	0
0	135.24	135.27	87	80	80	0
0	135.27	137.48	80	80	80	0
0	135.27	137.48	84	80	80	0
0	135.27	137.48	87	80	80	0
0	137.48	138.27	75	80	80	0
0	137.48	138.27	79	80	80	0
0	137.48	138.27	82	80	80	0
0	138.27	138.38	80	80	80	0
0	138.27	138.38	83	80	80	0
0	138.27	138.38	87	80	80	0
0	138.38	138.58	75	80	80	0
0	138.38	138.58	79	80	80	0
0	138.38	138.58	82	80	80	0
0	138.58	138.59	80	80	80	0
0	138.58	138.59	83	80	80	0
0	138.58	138.59	87	80	80	0
0	138.59	139.28	73	80	80	0
0	138.59	139.28	76	80	80	0
0	138.59	139.28	80	80	80	0
0	139.28	139.38	80	80	80	0
0	139.28	139.38	83	80	80	0
0	139.28	139.38	87	80	80	0
0	139.38	142.55	80	80	80	0
0	139.38	142.55	84	80	80	0
0	139.38	142.55	87	80	80	0
0	142.55	142.74	75	80	80	0
0	142.55	142.74	79	80	80	0
0	142.55	142.74	82	80	80	0
0	142.74	142.85	75	80	80	0
0	142.74	142.85	78	80	80	0
0	142.74	142.85	82	80	80	0
0	142.85	143.02	75	80	80	0
0	142.85	143.02	79	80	80	0
0	142.85	143.02	82	80	80	0
0	143.02	143.63	80	80	80	0
0	143.02	143.63	84	80	80	0
0	143.02	143.63	87	80	80	0
0	143.63	144.0	73	80	80	0
0	143.63	144.0	76	80	80	0
0	143.63	144.0	80	80	80	0
0	144.0	146.33	80	80	80	0
0	144.0	146.33	84	80	80	0
0	144.0	146.33	87	80	80	0
0	146.33	149.26	70	80	80	0
0	146.33	149.26	74	80	80	0
0	146.33	149.26	77	80	80	0
0	149.26	151.82	72	80	80	0
0	149.26	151.82	75	80	80	0
0	149.26	151.82	79	80	80	0
0	151.82	153.85	70	80	80	0
0	151.82	153.85	74	80	80	0
0	151.82	153.85	77	80	80	0
0	153.93	154.11	70	80	80	0
0	153.93	154.11	73	80	80	0
0	153.93	154.11	77	80	80	0
0	154.13	154.15	80	80	80	0
0	154.13	154.15	84	80	80	0
0	154.13	154.15	87	80	80	0
0	154.15	154.19	70	80	80	0
0	154.15	154.19	73	80	80	0
0	154.15	154.19	77	80	80	0
0	154.19	154.25	80	80	80	0
0	154.19	154.25	84	80	80	0
0	154.19	154.25	87	80	80	0
0	154.25	154.43	70	80	80	0
0	154.25	154.43	73	80	80	0
0	154.25	154.43	77	80	80	0
0	154.43	154.45000000000002	78	80	80	0
0	154.43	154.45000000000002	82	80	80	0
0	154.43	154.45000000000002	85	80	80	0
0	154.45000000000002	154.46	80	80	80	0
0	154.45000000000002	154.46	83	80	80	0
0	154.45000000000002	154.46	87	80	80	0
0	154.46	154.66	78	80	80	0
0	154.46	154.66	82	80	80	0
0	154.46	154.66	85	80	80	0
0	154.66	154.84	80	80	80	0
0	154.66	154.84	83	80	80	0
0	154.66	154.84	87	80	80	0
0	154.89000000000001	155.11	80	80	80	0
0	154.89000000000001	155.11	84	80	80	0
0	154.89000000000001	155.11	87	80	80	0
0	155.11	155.81	70	80	80	0
0	155.11	155.81	74	80	80	0
0	155.11	155.81	77	80	80	0
0	155.81	155.88	70	80	80	0
0	155.81	155.88	73	80	80	0
0	155.81	155.88	77	80	80	0
0	155.88	156.98	70	80	80	0
0	155.88	156.98	74	80	80	0
0	155.88	156.98	77	80	80	0
0	156.98	157.31	70	80	80	0
0	156.98	157.31	73	80	80	0
0	156.98	157.31	77	80	80	0
0	157.31	158.11	70	80	80	0
0	157.31	158.11	74	80	80	0
0	157.31	158.11	77	80	80	0
0	158.11	159.4	80	80	80	0
0	158.11	159.4	84	80	80	0
0	158.11	159.4	87	80	80	0
0	159.4	159.52	79	80	80	0
0	159.4	159.52	83	80	80	0
0	159.4	159.52	86	80	80	0
0	159.52	160.45000000000002	80	80	80	0
0	159.52	160.45000000000002	84	80	80	0
0	159.52	160.45000000000002	87	80	80	0
0	160.45000000000002	160.61	75	80	80	0
0	160.45000000000002	160.61	79	80	80	0
0	160.45000000000002	160.61	82	80	80	0
0	160.61	161.71	79	80	80	0
0	160.61	161.71	82	80	80	0
0	160.61	161.71	86	80	80	0
0	161.71	163.17000000000002	72	80	80	0
0	161.71	163.17000000000002	75	80	80	0
0	161.71	163.17000000000002	79	80	80	0
0	163.17000000000002	163.67000000000002	77	80	80	0
0	163.17000000000002	163.67000000000002	80	80	80	0
0	163.17000000000002	163.67000000000002	84	80	80	0
0	163.67000000000002	163.72	72	80	80	0
0	163.67000000000002	163.72	76	80	80	0
0	163.67000000000002	163.72	79	80	80	0
0	163.73	163.8	72	80	80	0
0	163.73	163.8	76	80	80	0
0	163.73	163.8	79	80	80	0
0	164.14000000000001	164.20000000000002	79	80	80	0
0	164.14000000000001	164.20000000000002	83	80	80	0
0	164.14000000000001	164.20000000000002	86	80	80	0
0	164.22	164.35	79	80	80	0
0	164.22	164.35	83	80	80	0
0	164.22	164.35	86	80	80	0
0	164.41	164.61	79	80	80	0
0	164.41	164.61	82	80	80	0
0	164.41	164.61	86	80	80	0
0	164.61	164.98	79	80	80	0
0	164.61	164.98	83	80	80	0
0	164.61	164.98	86	80	80	0
0	164.98	166.47	80	80	80	0
0	164.98	166.47	84	80	80	0
0	164.98	166.47	87	80	80	0
0	166.47	167.84	70	80	80	0
0	166.47	167.84	74	80	80	0
0	166.47	167.84	77	80	80	0
0	167.84	168.66	80	80	80	0
0	167.84	168.66	84	80	80	0
0	167.84	168.66	87	80	80	0
0	168.66	168.78	79	80	80	0
0	168.66	168.78	83	80	80	0
0	168.66	168.78	86	80	80	0
0	168.78	169.98	80	80	80	0
0	168.78	169.98	84	80	80	0
0	168.78	169.98	87	80	80	0
0	169.98	170.99	79	80	80	0
0	169.98	170.99	82	80	80	0
0	169.98	170.99	86	80	80	0
0	170.99	172.59	72	80	80	0
0	170.99	172.59	75	80	80	0
0	170.99	172.59	79	80	80	0
0	172.59	172.61	77	80	80	0
0	172.59	172.61	80	80	80	0
0	172.59	172.61	84	80	80	0
0	172.61	172.62	80	80	80	0
0	172.61	172.62	84	80	80	0
0	172.61	172.62	87	80	80	0
0	172.62	172.94	77	80	80	0
0	172.62	172.94	80	80	80	0
0	172.62	172.94	84	80	80	0
0	172.94	173.04	77	80	80	0
0	172.94	173.04	81	80	80	0
0	172.94	173.04	84	80	80	0
0	173.04	173.42000000000002	77	80	80	0
0	173.04	173.42000000000002	80	80	80	0
0	173.04	173.42000000000002	84	80	80	0
0	173.42000000000002	173.68	77	80	80	0
0	173.42000000000002	173.68	81	80	80	0
0	173.42000000000002	173.68	84	80	80	0
0	173.68	174.65	79	80	80	0
0	173.68	174.65	82	80	80	0
0	173.68	174.65	86	80	80	0
0	174.65	174.81	79	80	80	0
0	174.65	174.81	83	80	80	0
0	174.65	174.81	86	80	80	0
0	174.81	175.01	80	80	80	0
0	174.81	175.01	84	80	80	0
0	174.81	175.01	87	80	80	0
0	175.01	176.61	80	80	80	0
0	175.01	176.61	83	80	80	0
0	175.01	176.61	87	80	80	0
0	176.61	179.11	80	80	80	0
0	176.61	179.11	84	80	80	0
0	176.61	179.11	87	80	80	0
0	179.11	179.32	72	80	80	0
0	179.11	179.32	75	80	80	0
0	179.11	179.32	79	80	80	0
0	179.32	180.15	75	80	80	0
0	179.32	180.15	79	80	80	0
0	179.32	180.15	82	80	80	0
0	180.15	181.83	72	80	80	0
0	180.15	181.83	75	80	80	0
0	180.15	181.83	79	80	80	0
0	181.83	182.39000000000001	77	80	80	0
0	181.83	182.39000000000001	80	80	80	0
0	181.83	182.39000000000001	84	80	80	0
0	182.39000000000001	182.4	80	80	80	0
0	182.39000000000001	182.4	84	80	80	0
0	182.39000000000001	182.4	87	80	80	0
0	182.4	183.01	75	80	80	0
0	182.4	183.01	79	80	80	0
0	182.4	183.01	82	80	80	0
0	183.01	183.27	79	80	80	0
0	183.01	183.27	82	80	80	0
0	183.01	183.27	86	80	80	0
0	183.27	183.54	79	80	80	0
0	183.27	183.54	83	80	80	0
0	183.27	183.54	86	80	80	0
0	183.54	185.14000000000001	80	80	80	0
0	183.54	185.14000000000001	84	80	80	0
0	183.54	185.14000000000001	87	80	80	0
0	185.14000000000001	186.1	70	80	80	0
0	185.14000000000001	186.1	74	80	80	0
0	185.14000000000001	186.1	77	80	80	0
0	186.1	186.23	70	80	80	0
0	186.1	186.23	73	80	80	0
0	186.1	186.23	77	80	80	0
0	186.23	186.37	70	80	80	0
0	186.23	186.37	74	80	80	0
0	186.23	186.37	77	80	80	0
0	186.37	188.6	80	80	80	0
0	186.37	188.6	84	80	80	0
0	186.37	188.6	87	80	80	0
0	188.6	189.47	75	80	80	0
0	188.6	189.47	79	80	80	0
0	188.6	189.47	82	80	80	0
0	189.47	189.57	79	80	80	0
0	189.47	189.57	82	80	80	0
0	189.47	189.57	86	80	80	0
0	189.57	191.21	72	80	80	0
0	189.57	191.21	75	80	80	0
0	189.57	191.21	79	80	80	0
0	191.21	191.29	80	80	80	0
0	191.21	191.29	84	80	80	0
0	191.21	191.29	87	80	80	0
0	191.29	191.49	77	80	80	0
0	191.29	191.49	80	80	80	0
0	191.29	191.49	84	80	80	0
0	191.49	192.31	77	80	80	0
0	191.49	192.31	81	80	80	0
0	191.49	192.31	84	80	80	0
0	192.31	193.23000000000002	79	80	80	0
0	192.31	193.23000000000002	82	80	80	0
0	192.31	193.23000000000002	86	80	80	0
0	193.23000000000002	193.28	79	80	80	0
0	193.23000000000002	193.28	83	80	80	0
0	193.23000000000002	193.28	86	80	80	0
0	193.28	193.35	79	80	80	0
0	193.28	193.35	82	80	80	0
0	193.28	193.35	86	80	80	0
0	193.35	193.41	79	80	80	0
0	193.35	193.41	83	80	80	0
0	193.35	193.41	86	80	80	0
0	193.41	193.45000000000002	79	80	80	0
0	193.41	193.45000000000002	82	80	80	0
0	193.41	193.45000000000002	86	80	80	0
0	193.45000000000002	195.75	80	80	80	0
0	193.45000000000002	195.75	84	80	80	0
0	193.45000000000002	195.75	87	80	80	0
0	195.75	196.38	75	80	80	0
0	195.75	196.38	79	80	80	0
0	195.75	196.38	82	80	80	0
0	196.38	196.44	75	80	80	0
0	196.38	196.44	78	80	80	0
0	196.38	196.44	82	80	80	0
0	196.44	196.72	75	80	80	0
0	196.44	196.72	79	80	80	0
0	196.44	196.72	82	80	80	0
0	196.72	196.8	75	80	80	0
0	196.72	196.8	78	80	80	0
0	196.72	196.8	82	80	80	0
0	196.8	197.74	73	80	80	0
0	196.8	197.74	77	80	80	0
0	196.8	197.74	80	80	80	0
0	197.74	200.65	80	80	80	0
0	197.74	200.65	84	80	80	0
0	197.74	200.65	87	80	80	0
0	200.65	200.8	75	80	80	0
0	200.65	200.8	79	80	80	0
0	200.65	200.8	82	80	80	0
0	200.8	200.89000000000001	80	80	80	0
0	200.8	200.89000000000001	84	80	80	0
0	200.8	200.89000000000001	87	80	80	0
0	200.89000000000001	201.08	75	80	80	0
0	200.89000000000001	201.08	79	80	80	0
0	200.89000000000001	201.08	82	80	80	0
0	201.08	201.53	80	80	80	0
0	201.08	201.53	83	80	80	0
0	201.08	201.53	87	80	80	0
0	201.53	202.34	73	80	80	0
0	201.53	202.34	77	80	80	0
0	201.53	202.34	80	80	80	0
0	202.34	205.29	80	80	80	0
0	202.34	205.29	84	80	80	0
0	202.34	205.29	87	80	80	0
0	205.29	205.73000000000002	75	80	80	0
0	205.29	205.73000000000002	79	80	80	0
0	205.29	205.73000000000002	82	80	80	0
0	205.73000000000002	206.03	79	80	80	0
0	205.73000000000002	206.03	83	80	80	0
0	205.73000000000002	206.03	86	80	80	0
0	206.03	206.20000000000002	74	80	80	0
0	206.03	206.20000000000002	78	80	80	0
0	206.03	206.20000000000002	81	80	80	0
0	206.20000000000002	206.27	74	80	80	0
0	206.20000000000002	206.27	77	80	80	0
0	206.20000000000002	206.27	81	80	80	0
0	206.27	206.28	80	80	80	0
0	206.27	206.28	84	80	80	0
0	206.27	206.28	87	80	80	0
0	206.28	206.83	73	80	80	0
0	206.28	206.83	76	80	80	0
0	206.28	206.83	80	80	80	0
0	206.83	209.92000000000002	80	80	80	0
0	206.83	209.92000000000002	84	80	80	0
0	206.83	209.92000000000002	87	80	80	0
0	209.92000000000002	210.34	75	80	80	0
0	209.92000000000002	210.34	79	80	80	0
0	209.92000000000002	210.34	82	80	80	0
0	210.34	210.74	79	80	80	0
0	210.34	210.74	83	80	80	0
0	210.34	210.74	86	80	80	0
0	210.74	210.83	74	80	80	0
0	210.74	210.83	78	80	80	0
0	210.74	210.83	81	80	80	0
0	210.83	210.92000000000002	74	80	80	0
0	210.83	210.92000000000002	77	80	80	0
0	210.83	210.92000000000002	81	80	80	0
0	210.92000000000002	211.53	73	80	80	0
0	210.92000000000002	211.53	76	80	80	0
0	210.92000000000002	211.53	80	80	80	0
0	211.53	215.11	80	80	80	0
0	211.53	215.11	84	80	80	0
0	211.53	215.11	87	80	80	0
0	215.11	215.68	73	80	80	0
0	215.11	215.68	77	80	80	0
0	215.11	215.68	80	80	80	0
