0.27	2
0.76	3
1.24	4
1.69	1
2.13	2
2.55	3
2.99	4
3.43	1
3.91	2
4.39	3
4.89	4
5.36	1
5.84	2
6.31	3
6.79	4
7.28	1
7.77	2
8.26	3
8.72	4
9.21	1
9.7	2
10.19	3
10.67	4
11.16	1
11.66	2
12.14	3
12.61	4
13.09	1
13.58	2
14.06	3
14.54	4
15.03	1
15.51	2
15.99	3
16.47	4
16.97	1
17.45	2
17.93	3
18.41	4
18.9	1
19.39	2
19.86	3
20.35	4
20.83	1
21.32	2
21.8	3
22.28	4
22.77	1
23.25	2
23.73	3
24.22	4
24.71	1
25.19	2
25.67	3
26.15	4
26.64	1
27.13	2
27.6	3
28.09	4
28.57	1
29.06	2
29.54	3
30.02	4
30.51	1
31.0	2
31.47	3
31.96	4
32.45	1
32.93	2
33.41	3
33.9	4
34.38	1
34.86	2
35.34	3
35.83	4
36.31	1
36.8	2
37.29	3
37.77	4
38.25	1
38.74	2
39.22	3
39.7	4
40.19	1
40.68	2
41.16	3
41.64	4
42.12	1
42.61	2
43.09	3
43.57	4
44.06	1
44.54	2
45.03	3
45.51	4
45.99	1
46.48	2
46.96	3
47.44	4
47.92	1
48.41	2
48.9	3
49.38	4
49.87	1
50.35	2
50.83	3
51.31	4
51.8	1
52.28	2
52.77	3
53.25	4
53.74	1
54.23	2
54.71	3
55.18	4
55.68	1
56.15	2
56.64	3
57.12	4
57.61	1
58.1	2
58.57	3
59.06	4
59.54	1
60.03	2
60.51	3
60.99	4
61.48	1
61.96	2
62.44	3
62.93	4
63.41	1
63.9	2
64.38	3
64.86	4
65.34	1
65.84	2
66.32	3
66.8	4
67.28	1
67.77	2
68.25	3
68.73	4
69.22	1
69.7	2
70.19	3
70.68	4
71.16	1
71.64	2
72.12	3
72.61	4
73.09	1
73.58	2
74.06	3
74.54	4
75.03	1
75.51	2
76.0	3
76.48	4
76.97	1
77.44	2
77.93	3
78.42	4
78.9	1
79.39	2
79.86	3
80.35	4
80.84	1
81.32	2
81.8	3
82.29	4
82.77	1
83.26	2
83.73	3
84.22	4
84.7	1
85.18	2
85.68	3
86.16	4
86.65	1
87.12	2
87.61	3
88.09	4
88.56	1
89.06	2
89.54	3
90.03	4
90.51	1
90.99	2
91.48	3
91.96	4
92.45	1
92.93	2
93.4	3
93.9	4
94.38	1
94.87	2
95.35	3
95.83	4
96.32	1
96.8	2
97.28	3
97.77	4
98.26	1
98.74	2
99.22	3
99.7	4
100.19	1
100.67	2
101.16	3
101.64	4
102.13	1
102.61	2
103.09	3
103.58	4
104.06	1
104.54	2
105.02	3
105.51	4
106.0	1
106.48	2
106.96	3
107.45	4
107.93	1
108.41	2
108.9	3
109.38	4
109.86	1
110.35	2
110.83	3
111.31	4
111.8	1
112.29	2
112.77	3
113.25	4
113.74	1
114.22	2
114.7	3
115.19	4
115.67	1
116.15	2
116.64	3
117.13	4
117.61	1
118.09	2
118.57	3
119.06	4
119.54	1
120.03	2
120.51	3
120.99	4
121.48	1
121.96	2
122.45	3
122.93	4
123.41	1
123.89	2
124.38	3
124.87	4
125.35	1
125.83	2
126.31	3
126.81	4
127.29	1
127.77	2
128.25	3
128.74	4
129.22	1
129.7	2
130.18	3
130.67	4
131.15	1
131.64	2
132.13	3
132.61	4
133.1	1
133.58	2
134.06	3
134.54	4
135.03	1
135.52	2
135.99	3
136.48	4
136.96	1
137.45	2
137.93	3
138.41	4
138.9	1
139.38	2
139.88	3
140.35	4
140.84	1
141.32	2
141.8	3
142.28	4
142.77	1
143.26	2
143.74	3
144.22	4
144.7	1
145.19	2
145.67	3
146.15	4
146.64	1
147.13	2
147.61	3
148.09	4
148.58	1
149.06	2
149.54	3
150.02	4
150.51	1
151.0	2
151.47	3
151.96	4
152.44	1
152.93	2
153.41	3
153.9	4
154.38	1
154.86	2
155.35	3
155.83	4
156.32	1
156.8	2
157.28	3
157.77	4
158.25	1
158.74	2
159.22	3
159.7	4
160.19	1
160.67	2
161.14	3
161.64	4
162.12	1
162.61	2
163.1	3
163.57	4
164.06	1
164.54	2
165.02	3
165.51	4
166.0	1
166.48	2
166.96	3
167.45	4
167.93	1
168.41	2
168.89	3
169.38	4
169.86	1
170.35	2
170.83	3
171.31	4
171.8	1
172.28	2
172.76	3
173.24	4
173.74	1
174.23	2
174.7	3
175.19	4
175.68	1
176.15	2
176.64	3
177.12	4
177.61	1
178.09	2
178.57	3
179.06	4
179.54	1
180.02	2
180.51	3
180.99	4
181.48	1
181.96	2
182.44	3
182.93	4
183.4	1
183.89	2
184.38	3
184.86	4
185.35	1
185.83	2
186.32	3
186.8	4
187.29	1
187.77	2
188.25	3
188.74	4
189.22	1
189.7	2
190.19	3
190.67	4
191.16	1
191.64	2
192.12	3
192.61	4
193.09	1
193.58	2
194.06	3
194.54	4
195.02	1
195.51	2
195.99	3
196.47	4
196.96	1
197.45	2
197.93	3
198.41	4
198.89	1
199.38	2
199.87	3
200.35	4
200.83	1
201.31	2
201.79	3
202.28	4
202.77	1
203.25	2
203.73	3
204.22	4
204.71	1
205.19	2
205.67	3
206.15	4
206.64	1
207.12	2
207.61	3
208.09	4
208.57	1
209.06	2
209.54	3
210.02	4
210.5	1
210.99	2
211.48	3
211.96	4
212.45	1
212.93	2
213.41	3
213.89	4
214.38	1
214.86	2
215.35	3
215.83	4
216.31	1
216.8	2
217.27	3
217.76	4
218.25	1
218.74	2
219.21	3
219.7	4
220.19	1
220.68	2
221.15	3
221.64	4
222.12	1
222.6	2
223.09	3
223.57	4
224.06	1
224.54	2
225.03	3
225.51	4
225.99	1
226.48	2
226.96	3
227.44	4
227.93	1
228.42	2
228.88	3
229.38	4
229.86	1
230.35	2
230.83	3
231.31	4
231.8	1
232.29	2
232.76	3
233.25	4
233.74	1
234.22	2
234.7	3
235.18	4
235.68	1
236.15	2
236.64	3
237.12	4
237.61	1
238.09	2
238.57	3
239.05	4
239.54	1
240.03	2
240.51	3
240.99	4
241.48	1
241.97	2
242.45	3
242.93	4
243.41	1
243.9	2
244.38	3
244.86	4
245.35	1
245.83	2
246.32	3
246.8	4
247.28	1
247.77	2
248.25	3
248.74	4
249.22	1
249.7	2
250.18	3
250.67	4
251.16	1
251.64	2
252.12	3
252.61	4
253.1	1
253.58	2
254.06	3
254.54	4
255.03	1
255.51	2
255.99	3
256.48	4
256.96	1
257.46	2
257.93	3
258.42	4
258.9	1
259.38	2
259.87	3
260.36	4
260.84	1
261.33	2
261.8	3
262.28	4
262.77	1
263.25	2
263.74	3
264.22	4
264.7	1
265.19	2
265.67	3
266.16	4
266.64	1
267.13	2
267.61	3
268.09	4
268.58	1
269.06	2
269.54	3
270.03	4
270.51	1
270.99	2
271.47	3
271.96	4
272.45	1
272.93	2
273.41	3
273.9	4
274.38	1
274.87	2
275.35	3
275.83	4
276.32	1
276.8	2
277.28	3
277.77	4
278.25	1
278.73	2
279.22	3
279.71	4
280.19	1
280.67	2
281.16	3
281.65	4
282.13	1
282.61	2
283.09	3
283.58	4
284.06	1
284.54	2
285.02	3
285.51	4
286.0	1
286.48	2
286.96	3
287.45	4
287.93	1
288.41	2
288.89	3
289.38	4
289.86	1
290.35	2
290.83	3
291.32	4
291.8	1
292.29	2
292.77	3
293.25	4
293.74	1
294.22	2
294.71	3
295.19	4
295.68	1
296.16	2
296.64	3
297.12	4
297.6	1
298.1	2
298.57	3
299.06	4
299.54	1
300.02	2
300.51	3
300.99	4
301.48	1
301.96	2
302.45	3
302.92	4
303.42	1
303.9	2
304.38	3
304.87	4
305.35	1
305.84	2
306.31	3
306.8	4
307.29	1
307.77	2
308.26	3
308.74	4
309.22	1
309.7	2
310.19	3
310.67	4
311.16	1
311.64	2
312.12	3
312.6	4
313.09	1
313.58	2
314.06	3
314.54	4
315.02	1
315.51	2
316.0	3
316.48	4
316.96	1
317.44	2
317.93	3
318.42	4
318.89	1
319.38	2
319.86	3
320.35	4
320.84	1
321.32	2
321.8	3
322.28	4
322.77	1
323.25	2
323.74	3
324.22	4
324.71	1
325.19	2
325.67	3
326.15	4
326.64	1
327.12	2
327.6	3
328.09	4
328.56	1
329.05	2
329.54	3
330.02	4
330.51	1
330.98	2
331.47	3
331.94	4
332.44	1
332.89	2
333.36	3
333.81	4
334.28	1
334.73	2
335.19	3
335.64	4
336.1	1
336.57	2
337.07	3
337.54	4
338.02	1
338.49	2
338.98	3
339.46	4
339.94	1
340.42	2
340.91	3
341.4	4
341.89	1
342.37	2
342.86	3
343.33	4
343.81	1
344.3	2
344.77	3
345.24	4
345.69	1
346.17	2
346.65	3
347.11	4
347.58	1
348.04	2
348.52	3
349.0	4
349.46	1
349.92	2
