0.03	3
0.46	4
0.88	1
1.31	2
1.74	3
2.17	4
2.61	1
3.03	2
3.46	3
3.88	4
4.31	1
4.74	2
5.17	3
5.6	4
6.03	1
6.46	2
6.89	3
7.31	4
7.73	1
8.17	2
8.59	3
9.03	4
9.46	1
9.89	2
10.32	3
10.75	4
11.17	1
11.6	2
12.03	3
12.46	4
12.89	1
13.3	2
13.72	3
14.17	4
14.6	1
15.02	2
15.45	3
15.88	4
16.31	1
16.74	2
17.17	3
17.6	4
18.03	1
18.46	2
18.88	3
19.31	4
19.74	1
20.17	2
20.6	3
21.03	4
21.45	1
21.88	2
22.31	3
22.74	4
23.17	1
23.6	2
24.03	3
24.45	4
24.89	1
25.31	2
25.74	3
26.17	4
26.59	1
27.03	2
27.46	3
27.89	4
28.32	1
28.74	2
29.17	3
29.6	4
30.03	1
30.45	2
30.88	3
31.31	4
31.74	1
32.17	2
32.6	3
33.03	4
33.46	1
33.89	2
34.31	3
34.74	4
35.17	1
35.6	2
36.02	3
36.45	4
36.88	1
37.31	2
37.75	3
38.17	4
38.59	1
39.02	2
39.45	3
39.89	4
40.32	1
40.74	2
41.17	3
41.6	4
42.03	1
42.45	2
42.88	3
43.31	4
43.74	1
44.17	2
44.6	3
45.03	4
45.46	1
45.89	2
46.31	3
46.74	4
47.17	1
47.6	2
48.03	3
48.46	4
48.89	1
49.31	2
49.73	3
50.17	4
50.6	1
51.03	2
51.46	3
51.88	4
52.31	1
52.74	2
53.17	3
53.6	4
54.03	1
54.45	2
54.89	3
55.31	4
55.75	1
56.17	2
56.6	3
57.03	4
57.45	1
57.88	2
58.32	3
58.74	4
59.17	1
59.6	2
60.03	3
60.45	4
60.88	1
61.31	2
61.74	3
62.17	4
62.6	1
63.03	2
63.46	3
63.88	4
64.31	1
64.74	2
65.17	3
65.6	4
66.02	1
66.45	2
66.88	3
67.31	4
67.75	1
68.17	2
68.6	3
69.03	4
69.46	1
69.88	2
70.31	3
70.74	4
71.17	1
71.6	2
72.03	3
72.45	4
72.88	1
73.31	2
73.74	3
74.17	4
74.59	1
75.03	2
75.45	3
75.89	4
76.32	1
76.75	2
77.18	3
77.6	4
78.03	1
78.45	2
78.89	3
79.31	4
79.74	1
80.16	2
80.59	3
81.02	4
81.45	1
81.88	2
82.31	3
82.74	4
83.17	1
83.6	2
84.03	3
84.46	4
84.89	1
85.31	2
85.73	3
86.17	4
86.59	1
87.01	2
87.44	3
87.89	4
88.3	1
88.75	2
89.18	3
89.59	4
90.02	1
90.45	2
90.88	3
91.31	4
91.74	1
92.17	2
92.6	3
93.03	4
93.46	1
93.88	2
94.32	3
94.74	4
95.17	1
95.6	2
96.03	3
96.46	4
96.89	1
97.31	2
97.74	3
98.17	4
98.6	1
99.03	2
99.46	3
99.88	4
100.31	1
100.74	2
101.17	3
101.6	4
102.03	1
102.46	2
102.89	3
103.31	4
103.74	1
104.17	2
104.6	3
105.02	4
105.45	1
105.88	2
106.32	3
106.74	4
107.16	1
107.6	2
108.02	3
108.45	4
108.88	1
109.31	2
109.75	3
110.17	4
110.59	1
111.02	2
111.45	3
111.88	4
112.31	1
112.74	2
113.17	3
113.6	4
114.01	1
114.45	2
114.88	3
115.31	4
115.75	1
116.17	2
116.61	3
117.03	4
117.46	1
117.89	2
118.32	3
118.74	4
119.18	1
119.6	2
120.03	3
120.45	4
120.88	1
121.32	2
121.74	3
122.17	4
122.6	1
123.03	2
123.45	3
123.89	4
124.32	1
124.74	2
125.17	3
125.6	4
126.03	1
126.45	2
126.88	3
127.31	4
127.74	1
128.17	2
128.59	3
129.03	4
129.45	1
129.88	2
130.31	3
130.74	4
131.17	1
131.6	2
132.03	3
132.46	4
132.88	1
133.31	2
133.74	3
134.16	4
134.6	1
135.02	2
135.45	3
135.88	4
136.32	1
136.75	2
137.17	3
137.6	4
138.03	1
138.45	2
138.89	3
139.31	4
139.74	1
140.17	2
140.58	3
141.03	4
141.46	1
141.87	2
142.31	3
142.74	4
143.16	1
143.6	2
144.04	3
144.45	4
144.89	1
145.31	2
145.76	3
146.17	4
146.6	1
147.03	2
147.46	3
147.89	4
148.31	1
148.74	2
149.17	3
149.6	4
150.02	1
150.46	2
150.88	3
151.32	4
151.74	1
152.17	2
152.61	3
153.03	4
153.46	1
153.88	2
154.32	3
154.74	4
155.17	1
155.6	2
156.03	3
156.46	4
156.87	1
157.31	2
157.74	3
158.15	4
158.6	1
159.02	2
159.45	3
159.88	4
160.31	1
160.74	2
161.17	3
161.6	4
162.03	1
162.45	2
162.88	3
163.31	4
163.73	1
164.17	2
164.59	3
165.02	4
165.46	1
165.88	2
166.31	3
166.74	4
167.17	1
167.6	2
168.03	3
168.45	4
168.88	1
169.31	2
169.75	3
170.17	4
170.6	1
171.02	2
171.47	3
171.88	4
172.33	1
172.74	2
173.17	3
173.6	4
174.02	1
174.46	2
174.88	3
175.31	4
175.74	1
176.16	2
176.6	3
177.03	4
177.45	1
177.88	2
178.31	3
178.74	4
179.18	1
179.6	2
180.04	3
180.45	4
180.88	1
181.31	2
181.75	3
182.17	4
182.59	1
183.02	2
183.45	3
183.89	4
184.31	1
184.74	2
185.18	3
185.6	4
186.03	1
186.46	2
186.89	3
187.32	4
187.75	1
188.17	2
188.6	3
189.03	4
189.46	1
189.88	2
190.31	3
190.74	4
191.16	1
191.6	2
192.02	3
192.46	4
192.89	1
193.31	2
193.75	3
194.17	4
194.6	1
195.02	2
195.44	3
195.89	4
196.32	1
196.73	2
197.16	3
197.6	4
198.01	1
198.44	2
198.87	3
199.3	4
199.74	1
200.17	2
200.6	3
201.03	4
201.46	1
201.88	2
202.32	3
202.74	4
203.17	1
203.6	2
204.03	3
204.46	4
204.89	1
205.32	2
205.75	3
206.17	4
206.59	1
207.03	2
207.46	3
207.89	4
208.32	1
208.75	2
209.17	3
209.6	4
210.02	1
210.46	2
210.88	3
211.32	4
211.74	1
212.17	2
212.64	3
213.08	4
213.53	1
213.97	2
214.42	3
214.86	4
215.3	1
215.73	2
216.16	3
216.6	4
217.06	1
