1.89	3
2.34	4
2.8	1
3.28	2
3.74	3
4.2	4
4.64	1
5.12	2
5.57	3
6.02	4
6.49	1
6.94	2
7.42	3
7.87	4
8.33	1
8.79	2
9.25	3
9.71	4
10.17	1
10.63	2
11.1	3
11.56	4
12.02	1
12.48	2
12.94	3
13.42	4
13.88	1
14.33	2
14.78	3
15.25	4
15.7	1
16.17	2
16.64	3
17.09	4
17.56	1
18.01	2
18.48	3
18.94	4
19.41	1
19.87	2
20.34	3
20.79	4
21.25	1
21.71	2
22.18	3
22.64	4
23.09	1
23.56	2
24.02	3
24.48	4
24.94	1
25.41	2
25.87	3
26.33	4
26.79	1
27.25	2
27.71	3
28.18	4
28.64	1
29.1	2
29.56	3
30.02	4
30.49	1
30.94	2
31.42	3
31.86	4
32.33	1
32.79	2
33.25	3
33.7	4
34.17	1
34.64	2
35.1	3
35.56	4
36.02	1
36.48	2
36.95	3
37.4	4
37.87	1
38.33	2
38.79	3
39.24	4
39.71	1
40.17	2
40.64	3
41.09	4
41.56	1
42.02	2
42.48	3
42.94	4
43.4	1
43.86	2
44.32	3
44.78	4
45.24	1
45.69	2
46.15	3
46.63	4
47.09	1
47.56	2
48.02	3
48.48	4
48.94	1
49.4	2
49.85	3
50.32	4
50.78	1
51.25	2
51.71	3
52.17	4
52.64	1
53.09	2
53.56	3
54.01	4
54.48	1
54.94	2
55.4	3
55.86	4
56.33	1
56.79	2
57.25	3
57.71	4
58.17	1
58.63	2
59.1	3
59.56	4
60.03	1
60.48	2
60.95	3
61.4	4
61.86	1
62.33	2
62.79	3
63.25	4
63.71	1
64.17	2
64.64	3
65.1	4
65.56	1
66.03	2
66.48	3
66.94	4
67.41	1
67.87	2
68.32	3
68.79	4
69.25	1
69.71	2
70.17	3
70.64	4
71.1	1
71.55	2
72.01	3
72.48	4
72.94	1
73.41	2
73.86	3
74.32	4
74.79	1
75.25	2
75.72	3
76.17	4
76.62	1
77.1	2
77.55	3
78.02	4
78.49	1
78.94	2
79.4	3
79.87	4
80.33	1
80.79	2
81.25	3
81.71	4
82.18	1
82.64	2
83.1	3
83.56	4
84.03	1
84.49	2
84.95	3
85.4	4
85.87	1
86.33	2
86.79	3
87.25	4
87.72	1
88.18	2
88.64	3
89.11	4
89.56	1
90.03	2
90.5	3
90.94	4
91.4	1
91.86	2
92.33	3
92.79	4
93.26	1
93.71	2
94.17	3
94.63	4
95.1	1
95.56	2
96.03	3
96.49	4
96.96	1
97.41	2
97.88	3
98.34	4
98.79	1
99.25	2
99.71	3
100.18	4
100.64	1
101.1	2
101.57	3
102.02	4
102.49	1
102.94	2
103.4	3
103.87	4
104.33	1
104.79	2
105.26	3
105.71	4
106.18	1
106.64	2
107.11	3
107.55	4
108.02	1
108.48	2
108.94	3
109.4	4
109.86	1
110.32	2
110.79	3
111.25	4
111.71	1
112.17	2
112.63	3
113.1	4
113.56	1
114.02	2
114.48	3
114.94	4
115.4	1
115.86	2
116.32	3
116.79	4
117.25	1
117.7	2
118.17	3
118.63	4
119.09	1
119.56	2
120.01	3
120.47	4
120.94	1
121.39	2
121.87	3
122.32	4
122.79	1
123.25	2
123.71	3
124.17	4
124.64	1
125.09	2
125.57	3
126.02	4
126.48	1
126.94	2
127.4	3
127.86	4
128.33	1
128.79	2
129.23	3
129.71	4
130.17	1
130.63	2
131.09	3
131.55	4
132.02	1
132.48	2
132.93	3
133.41	4
133.87	1
134.32	2
134.79	3
135.25	4
135.72	1
136.17	2
136.64	3
137.09	4
137.56	1
138.02	2
138.47	3
138.94	4
139.4	1
139.87	2
140.33	3
140.79	4
141.25	1
141.71	2
142.18	3
142.63	4
143.1	1
143.56	2
144.02	3
144.48	4
144.94	1
145.41	2
145.86	3
146.32	4
146.79	1
147.25	2
147.72	3
148.18	4
148.64	1
149.1	2
149.56	3
150.03	4
150.49	1
150.95	2
151.43	3
151.87	4
152.33	1
152.79	2
153.25	3
153.71	4
154.18	1
154.63	2
155.1	3
155.56	4
156.01	1
156.48	2
156.95	3
157.4	4
157.87	1
158.33	2
158.79	3
159.26	4
159.71	1
160.17	2
160.64	3
161.09	4
161.56	1
162.02	2
162.48	3
162.95	4
163.41	1
163.87	2
164.32	3
164.78	4
165.25	1
165.71	2
166.19	3
166.64	4
167.1	1
167.56	2
168.03	3
168.48	4
168.95	1
169.41	2
169.87	3
170.33	4
170.79	1
171.25	2
171.71	3
172.17	4
172.64	1
173.09	2
173.58	3
174.02	4
174.48	1
174.94	2
175.4	3
175.86	4
176.33	1
176.79	2
177.24	3
177.71	4
178.18	1
178.64	2
179.1	3
179.56	4
180.03	1
180.48	2
180.95	3
181.4	4
181.87	1
182.33	2
182.79	3
183.25	4
183.71	1
184.17	2
184.64	3
185.1	4
185.56	1
186.02	2
186.48	3
186.94	4
187.4	1
187.86	2
188.33	3
188.79	4
189.26	1
189.71	2
190.18	3
190.64	4
191.1	1
191.56	2
192.03	3
192.48	4
192.95	1
193.41	2
193.87	3
194.32	4
194.79	1
195.25	2
195.71	3
196.18	4
196.64	1
197.1	2
197.56	3
198.01	4
198.48	1
198.94	2
199.41	3
199.86	4
200.33	1
200.79	2
201.26	3
201.71	4
202.17	1
202.64	2
203.1	3
203.56	4
204.02	1
204.48	2
204.95	3
205.4	4
205.87	1
206.33	2
206.79	3
207.25	4
207.72	1
208.18	2
208.64	3
209.09	4
209.56	1
210.02	2
210.48	3
210.95	4
211.41	1
211.87	2
212.32	3
212.78	4
213.24	1
213.71	2
214.15	3
214.63	4
215.1	1
215.56	2
216.02	3
216.49	4
216.94	1
217.4	2
217.87	3
218.33	4
218.79	1
219.24	2
219.71	3
220.18	4
220.63	1
221.08	2
221.56	3
222.02	4
222.49	1
222.94	2
223.41	3
223.87	4
224.33	1
224.79	2
225.24	3
225.7	4
226.18	1
226.64	2
227.12	3
227.57	4
228.03	1
228.49	2
228.96	3
229.41	4
229.87	1
230.33	2
230.79	3
231.25	4
231.73	1
232.18	2
232.64	3
233.1	4
233.56	1
234.02	2
234.5	3
234.94	4
235.4	1
235.86	2
236.33	3
236.78	4
237.25	1
237.71	2
238.16	3
238.64	4
239.1	1
239.54	2
240.02	3
240.48	4
240.95	1
241.41	2
241.87	3
242.33	4
242.79	1
243.25	2
243.72	3
244.18	4
244.64	1
245.09	2
245.56	3
246.03	4
246.48	1
246.95	2
247.41	3
247.87	4
248.33	1
248.79	2
249.26	3
249.71	4
250.18	1
250.64	2
251.1	3
251.56	4
252.02	1
252.48	2
252.95	3
253.4	4
253.87	1
254.33	2
254.8	3
255.25	4
255.72	1
256.17	2
256.63	3
257.1	4
257.56	1
258.02	2
258.49	3
258.95	4
259.41	1
259.87	2
260.33	3
260.79	4
261.26	1
261.72	2
262.18	3
262.64	4
263.1	1
263.56	2
264.03	3
264.49	4
264.96	1
265.41	2
265.87	3
266.33	4
266.79	1
267.25	2
267.72	3
268.18	4
268.65	1
269.09	2
269.57	3
270.03	4
270.47	1
270.95	2
