0.07	3
0.51	4
0.95	1
1.39	2
1.83	3
2.27	4
2.73	1
3.17	2
3.6	3
4.03	4
4.48	1
4.91	2
5.35	3
5.81	4
6.25	1
6.69	2
7.14	3
7.59	4
8.02	1
8.47	2
8.92	3
9.38	4
9.83	1
10.29	2
10.73	3
11.16	4
11.6	1
12.04	2
12.48	3
12.94	4
13.39	1
13.82	2
14.27	3
14.71	4
15.14	1
15.6	2
16.04	3
16.48	4
16.94	1
17.38	2
17.85	3
18.27	4
18.72	1
19.15	2
19.61	3
20.05	4
20.49	1
20.93	2
21.38	3
21.82	4
22.27	1
22.7	2
23.16	3
23.6	4
24.03	1
24.48	2
24.93	3
25.38	4
25.83	1
26.27	2
26.71	3
27.15	4
27.6	1
28.03	2
28.48	3
28.93	4
29.38	1
29.82	2
30.27	3
30.71	4
31.16	1
31.59	2
32.04	3
32.48	4
32.94	1
33.37	2
33.82	3
34.26	4
34.71	1
35.15	2
35.59	3
36.04	4
36.49	1
36.93	2
37.39	3
37.84	4
38.29	1
38.71	2
39.16	3
39.59	4
40.03	1
40.49	2
40.95	3
41.38	4
41.84	1
42.28	2
42.72	3
43.16	4
43.59	1
44.03	2
44.49	3
44.92	4
45.38	1
45.83	2
46.27	3
46.73	4
47.16	1
47.61	2
48.07	3
48.49	4
48.95	1
49.37	2
49.83	3
50.25	4
50.71	1
51.15	2
51.6	3
52.04	4
52.49	1
52.92	2
53.37	3
53.81	4
54.24	1
54.71	2
55.14	3
55.6	4
56.05	1
56.49	2
56.94	3
57.39	4
57.84	1
58.27	2
58.72	3
59.15	4
59.59	1
60.04	2
60.49	3
60.95	4
61.38	1
61.83	2
62.29	3
62.72	4
63.17	1
63.6	2
64.05	3
64.49	4
64.94	1
65.38	2
65.82	3
66.26	4
66.72	1
67.15	2
67.61	3
68.05	4
68.5	1
68.94	2
69.38	3
69.82	4
70.27	1
70.71	2
71.16	3
71.6	4
72.07	1
72.49	2
72.94	3
73.39	4
73.81	1
74.25	2
74.71	3
75.17	4
75.61	1
76.04	2
76.49	3
76.92	4
77.38	1
77.82	2
78.26	3
78.72	4
79.14	1
79.59	2
80.04	3
80.48	4
80.94	1
81.37	2
81.82	3
82.26	4
82.71	1
83.14	2
83.6	3
84.05	4
84.49	1
84.94	2
85.41	3
85.85	4
86.28	1
86.72	2
87.15	3
87.62	4
88.12	1
88.6	2
89.15	3
89.7	4
90.27	1
90.81	2
91.38	3
91.93	4
92.5	1
92.94	2
93.39	3
93.84	4
94.28	1
94.72	2
95.16	3
95.59	4
96.05	1
96.49	2
96.93	3
97.38	4
97.84	1
98.27	2
98.72	3
99.15	4
99.6	1
100.04	2
100.49	3
100.95	4
101.37	1
101.83	2
102.25	3
102.71	4
103.15	1
103.59	2
104.05	3
104.5	4
104.94	1
105.39	2
105.82	3
106.26	4
106.71	1
107.16	2
107.59	3
108.03	4
108.49	1
108.94	2
109.37	3
109.84	4
110.27	1
110.72	2
111.18	3
111.61	4
112.05	1
112.49	2
112.94	3
113.37	4
113.83	1
114.27	2
114.71	3
115.15	4
115.61	1
116.04	2
116.51	3
116.94	4
117.37	1
117.82	2
118.25	3
118.71	4
119.14	1
119.59	2
120.04	3
120.49	4
120.95	1
121.39	2
121.81	3
122.26	4
122.72	1
123.16	2
123.61	3
124.04	4
124.49	1
124.92	2
125.37	3
125.82	4
126.28	1
126.71	2
127.18	3
127.63	4
128.06	1
128.5	2
128.96	3
129.4	4
129.82	1
130.26	2
130.71	3
131.15	4
131.61	1
132.04	2
132.5	3
132.95	4
133.38	1
133.82	2
134.27	3
134.71	4
135.16	1
135.6	2
136.04	3
136.46	4
136.93	1
137.38	2
137.81	3
138.26	4
138.71	1
139.17	2
139.61	3
140.04	4
140.49	1
140.93	2
141.38	3
141.81	4
142.26	1
142.71	2
143.16	3
143.61	4
144.05	1
144.5	2
144.94	3
145.38	4
145.83	1
146.27	2
146.72	3
147.16	4
147.61	1
148.06	2
148.5	3
148.95	4
149.42	1
149.87	2
150.31	3
150.75	4
151.19	1
151.63	2
152.07	3
152.51	4
152.95	1
153.39	2
153.85	3
154.27	4
154.73	1
155.16	2
155.59	3
156.05	4
156.47	1
156.93	2
157.37	3
157.83	4
158.26	1
158.72	2
159.14	3
159.59	4
160.02	1
160.49	2
160.94	3
161.38	4
161.82	1
162.27	2
162.71	3
163.14	4
163.6	1
164.03	2
164.49	3
164.93	4
165.38	1
165.83	2
166.27	3
166.73	4
167.16	1
167.6	2
168.04	3
168.48	4
168.93	1
169.36	2
169.82	3
170.26	4
170.72	1
171.17	2
171.6	3
172.04	4
172.49	1
172.94	2
173.37	3
173.82	4
174.26	1
174.68	2
175.15	3
175.58	4
176.05	1
176.49	2
176.94	3
177.38	4
177.85	1
178.27	2
178.72	3
179.16	4
179.59	1
180.04	2
180.48	3
180.93	4
181.37	1
181.82	2
182.26	3
182.72	4
183.17	1
183.61	2
184.08	3
184.5	4
184.95	1
185.39	2
185.82	3
186.26	4
186.7	1
187.15	2
187.59	3
188.04	4
188.5	1
188.94	2
189.37	3
189.8	4
190.26	1
190.71	2
191.17	3
191.6	4
192.04	1
192.48	2
192.94	3
193.37	4
193.81	1
194.27	2
194.7	3
195.15	4
195.59	1
196.04	2
196.48	3
196.93	4
197.37	1
197.81	2
198.26	3
198.7	4
199.16	1
199.6	2
200.03	3
200.48	4
200.93	1
201.37	2
201.81	3
202.26	4
202.7	1
203.16	2
203.6	3
204.06	4
204.55	1
205.01	2
205.47	3
205.94	4
206.43	1
206.9	2
207.37	3
207.84	4
208.31	1
208.78	2
