0.43	3
1.11	4
1.82	1
2.46	2
3.16	3
3.82	4
4.52	1
5.18	2
5.87	3
6.54	4
7.25	1
7.91	2
8.62	3
9.27	4
9.96	1
10.64	2
11.32	3
12.0	4
12.72	1
13.38	2
14.09	3
14.73	4
15.43	1
16.1	2
16.81	3
17.46	4
18.16	1
18.82	2
19.49	3
20.18	4
20.89	1
21.55	2
22.25	3
22.94	4
23.62	1
24.28	2
24.97	3
25.65	4
26.36	1
27.03	2
27.7	3
28.39	4
29.08	1
29.74	2
30.43	3
31.11	4
31.81	1
32.47	2
33.14	3
33.84	4
34.52	1
35.2	2
35.88	3
36.56	4
37.24	1
37.93	2
38.6	3
39.3	4
40.0	1
40.66	2
41.33	3
42.03	4
42.71	1
43.38	2
44.06	3
44.74	4
45.43	1
46.09	2
46.77	3
47.47	4
48.15	1
48.83	2
49.52	3
50.2	4
50.88	1
51.56	2
52.24	3
52.92	4
53.6	1
54.28	2
54.97	3
55.65	4
56.35	1
57.03	2
57.71	3
58.38	4
59.08	1
59.75	2
60.44	3
61.12	4
61.79	1
62.47	2
63.15	3
63.83	4
64.5	1
65.18	2
65.87	3
66.55	4
67.25	1
67.91	2
68.59	3
69.28	4
69.96	1
70.63	2
71.32	3
72.03	4
72.71	1
73.37	2
74.06	3
74.72	4
75.41	1
76.08	2
76.77	3
77.46	4
78.15	1
78.82	2
79.51	3
80.2	4
80.86	1
81.54	2
82.26	3
82.9	4
83.58	1
84.27	2
84.95	3
85.64	4
86.33	1
87.01	2
87.66	3
88.35	4
89.06	1
89.75	2
90.42	3
91.11	4
91.82	1
92.48	2
93.14	3
93.85	4
94.52	1
95.2	2
95.89	3
96.56	4
97.24	1
97.91	2
98.61	3
99.27	4
99.97	1
100.65	2
101.34	3
102.01	4
102.72	1
103.38	2
104.05	3
104.72	4
105.4	1
106.09	2
106.79	3
107.46	4
108.13	1
108.82	2
109.53	3
110.18	4
110.87	1
111.56	2
112.24	3
112.91	4
113.59	1
114.28	2
114.96	3
115.63	4
116.32	1
117.02	2
117.69	3
118.37	4
119.07	1
119.73	2
120.43	3
121.1	4
121.79	1
122.45	2
123.16	3
123.83	4
124.53	1
125.2	2
125.87	3
126.57	4
127.27	1
127.94	2
128.6	3
129.29	4
129.97	1
130.65	2
131.34	3
132.02	4
132.71	1
133.39	2
134.08	3
134.75	4
135.44	1
136.1	2
136.78	3
137.47	4
138.15	1
138.84	2
139.51	3
140.19	4
140.87	1
141.54	2
142.22	3
142.93	4
143.61	1
144.28	2
144.95	3
145.64	4
146.34	1
146.99	2
147.66	3
148.36	4
149.05	1
149.74	2
150.42	3
151.1	4
151.78	1
152.45	2
153.11	3
153.81	4
154.49	1
155.17	2
155.86	3
156.55	4
157.24	1
157.92	2
158.61	3
159.27	4
159.96	1
160.64	2
161.34	3
162.02	4
162.73	1
163.37	2
164.06	3
164.74	4
165.42	1
166.1	2
166.81	3
167.46	4
168.13	1
168.8	2
169.49	3
170.19	4
170.87	1
171.56	2
172.23	3
172.91	4
173.61	1
174.28	2
174.95	3
175.64	4
176.31	1
176.99	2
177.68	3
178.37	4
179.03	1
179.72	2
180.41	3
181.11	4
181.77	1
182.49	2
183.16	3
183.85	4
184.53	1
185.19	2
185.9	3
186.57	4
187.28	1
187.95	2
188.61	3
189.33	4
189.99	1
190.69	2
191.35	3
192.01	4
192.69	1
193.37	2
194.08	3
194.75	4
195.42	1
196.11	2
196.79	3
197.46	4
198.15	1
198.81	2
199.48	3
200.17	4
200.85	1
201.54	2
202.22	3
202.91	4
203.61	1
204.29	2
204.97	3
205.64	4
206.33	1
207.02	2
207.72	3
208.36	4
209.04	1
209.75	2
210.4	3
211.08	4
211.77	1
212.45	2
213.14	3
213.82	4
214.52	1
215.21	2
215.9	3
216.56	4
217.25	1
217.94	2
218.59	3
219.26	4
219.95	1
220.65	2
221.32	3
221.99	4
222.67	1
223.36	2
224.06	3
224.73	4
225.43	1
226.11	2
226.8	3
227.45	4
228.16	1
228.82	2
229.49	3
230.18	4
230.91	1
231.56	2
232.25	3
232.91	4
233.61	1
234.27	2
234.97	3
235.63	4
236.34	1
237.01	2
237.69	3
238.37	4
239.07	1
239.75	2
240.44	3
241.07	4
241.76	1
242.45	2
243.14	3
243.8	4
244.48	1
245.16	2
245.86	3
246.53	4
247.25	1
247.91	2
248.6	3
249.27	4
249.96	1
250.64	2
251.31	3
251.99	4
252.71	1
253.35	2
254.05	3
254.7	4
255.4	1
256.05	2
256.79	3
257.45	4
258.17	1
258.83	2
259.51	3
260.22	4
260.9	1
261.56	2
262.27	3
262.91	4
263.62	1
264.28	2
264.98	3
265.67	4
266.32	1
267.0	2
267.69	3
268.39	4
269.08	1
269.76	2
270.44	3
271.11	4
271.77	1
272.49	2
273.17	3
273.85	4
274.53	1
275.21	2
275.88	3
276.57	4
277.25	1
277.93	2
278.62	3
279.31	4
279.99	1
280.65	2
281.33	3
282.0	4
282.71	1
283.38	2
284.07	3
284.75	4
285.44	1
286.11	2
286.78	3
287.47	4
288.15	1
288.82	2
289.51	3
290.18	4
290.87	1
291.58	2
292.24	3
292.94	4
293.61	1
294.29	2
294.97	3
295.65	4
296.33	1
297.02	2
297.68	3
298.39	4
299.08	1
299.74	2
300.41	3
301.08	4
301.78	1
302.48	2
303.14	3
303.81	4
304.49	1
305.18	2
305.88	3
306.55	4
307.23	1
307.93	2
308.6	3
309.29	4
309.97	1
310.64	2
311.34	3
312.04	4
312.72	1
313.4	2
314.09	3
314.74	4
315.44	1
316.11	2
316.8	3
317.47	4
318.16	1
318.82	2
319.5	3
320.19	4
320.87	1
321.53	2
