1.84	2
2.76	3
3.61	4
4.51	1
5.38	2
6.32	3
7.2	4
8.08	1
8.96	2
9.88	3
10.71	4
11.66	1
12.52	2
13.39	3
14.31	4
15.08	1
15.85	2
16.75	3
17.65	4
18.52	1
19.41	2
20.3	3
21.19	4
22.07	1
22.95	2
23.84	3
24.69	4
25.58	1
26.48	2
27.38	3
28.25	4
29.14	1
30.05	2
30.93	3
31.79	4
32.71	1
33.61	2
34.49	3
35.38	4
36.27	1
37.17	2
38.04	3
38.94	4
39.84	1
40.71	2
41.6	3
42.26	4
42.92	1
43.35	2
43.81	3
44.23	4
44.67	1
45.12	2
45.57	3
46.01	4
46.46	1
46.89	2
47.34	3
47.8	4
48.25	1
48.7	2
49.16	3
49.6	4
50.06	1
50.51	2
50.96	3
51.39	4
51.82	1
52.27	2
52.71	3
53.14	4
53.61	1
54.04	2
54.5	3
54.93	4
55.37	1
55.81	2
56.26	3
56.69	4
57.15	1
57.59	2
58.01	3
58.45	4
58.92	1
59.34	2
59.8	3
60.23	4
60.68	1
61.11	2
61.56	3
62.0	4
62.45	1
62.92	2
63.37	3
63.8	4
64.27	1
64.73	2
65.17	3
65.64	4
66.07	1
66.54	2
66.97	3
67.4	4
67.84	1
68.28	2
68.73	3
69.16	4
69.61	1
70.06	2
70.48	3
70.95	4
71.4	1
71.84	2
72.28	3
72.74	4
73.18	1
73.61	2
74.04	3
74.49	4
74.92	1
75.37	2
75.81	3
76.24	4
76.69	1
77.14	2
77.59	3
78.02	4
78.47	1
78.91	2
79.36	3
79.8	4
80.23	1
80.67	2
81.13	3
81.57	4
82.02	1
82.46	2
82.91	3
83.35	4
83.78	1
84.23	2
84.68	3
85.12	4
85.52	1
85.9	2
86.3	3
86.71	4
87.15	1
87.59	2
88.04	3
88.47	4
88.93	1
89.35	2
89.81	3
90.24	4
90.68	1
91.11	2
91.58	3
92.02	4
92.48	1
92.9	2
93.36	3
93.78	4
94.24	1
94.69	2
95.13	3
95.58	4
96.03	1
96.46	2
96.9	3
97.35	4
97.8	1
98.24	2
98.69	3
99.14	4
99.58	1
100.03	2
100.47	3
100.9	4
101.36	1
101.86	2
102.33	3
102.82	4
103.3	1
103.78	2
104.21	3
104.68	4
105.13	1
105.56	2
106.01	3
106.46	4
106.91	1
107.34	2
107.78	3
108.23	4
108.69	1
109.12	2
109.59	3
110.01	4
110.47	1
110.89	2
111.34	3
111.77	4
112.23	1
112.66	2
113.11	3
113.53	4
114.0	1
114.44	2
114.9	3
115.35	4
115.78	1
116.23	2
116.65	3
117.1	4
117.56	1
118.02	2
118.45	3
118.9	4
119.36	1
119.79	2
120.24	3
120.67	4
121.11	1
121.55	2
122.01	3
122.43	4
122.89	1
123.33	2
123.79	3
124.22	4
124.68	1
125.1	2
125.56	3
125.98	4
126.44	1
126.87	2
127.31	3
127.77	4
128.22	1
128.65	2
129.1	3
129.55	4
129.98	1
130.43	2
130.86	3
131.31	4
131.76	1
132.23	2
132.65	3
133.1	4
133.55	1
133.97	2
134.44	3
134.88	4
135.34	1
135.79	2
136.22	3
136.69	4
137.13	1
137.55	2
138.01	3
138.45	4
138.88	1
139.33	2
139.75	3
140.2	4
140.63	1
141.08	2
141.54	3
141.99	4
142.43	1
142.87	2
143.33	3
143.77	4
144.23	1
144.66	2
145.09	3
145.53	4
145.97	1
146.41	2
146.86	3
147.29	4
147.73	1
148.18	2
148.63	3
149.06	4
149.51	1
149.95	2
150.41	3
150.85	4
151.3	1
151.74	2
152.2	3
152.64	4
153.09	1
153.52	2
153.97	3
154.41	4
154.82	1
155.21	2
155.64	3
156.03	4
156.45	1
156.88	2
157.33	3
157.77	4
158.22	1
158.65	2
159.08	3
159.52	4
159.98	1
160.4	2
160.84	3
161.3	4
161.74	1
162.2	2
162.64	3
163.09	4
163.56	1
164.0	2
164.43	3
164.88	4
165.33	1
165.75	2
166.19	3
166.64	4
167.08	1
167.51	2
167.98	3
168.43	4
168.86	1
169.31	2
169.76	3
170.24	4
170.72	1
171.22	2
171.68	3
172.18	4
172.62	1
173.09	2
173.52	3
173.98	4
174.41	1
174.85	2
175.32	3
175.75	4
176.19	1
176.64	2
177.08	3
177.52	4
177.96	1
178.4	2
178.86	3
179.29	4
179.76	1
180.19	2
180.64	3
181.06	4
181.5	1
181.95	2
182.39	3
182.84	4
183.3	1
183.73	2
184.18	3
184.62	4
185.07	1
185.52	2
185.96	3
186.4	4
186.82	1
187.27	2
187.71	3
188.16	4
188.62	1
189.08	2
189.52	3
189.94	4
190.4	1
190.84	2
191.31	3
191.73	4
192.19	1
192.62	2
193.07	3
193.49	4
193.94	1
194.38	2
194.83	3
195.26	4
195.71	1
196.17	2
196.62	3
197.05	4
197.51	1
197.93	2
198.37	3
198.81	4
199.26	1
199.73	2
200.18	3
200.62	4
201.05	1
201.49	2
201.92	3
202.36	4
202.81	1
203.28	2
203.73	3
204.18	4
204.61	1
205.06	2
205.53	3
205.95	4
206.41	1
206.85	2
207.27	3
207.73	4
208.16	1
208.59	2
209.06	3
209.49	4
209.96	1
210.41	2
210.83	3
211.27	4
211.73	1
212.16	2
212.61	3
213.08	4
213.52	1
213.95	2
214.39	3
214.83	4
215.28	1
215.72	2
216.17	3
216.6	4
217.05	1
217.49	2
217.92	3
218.36	4
218.81	1
219.25	2
219.69	3
220.15	4
220.59	1
221.03	2
221.49	3
221.93	4
222.38	1
222.83	2
223.25	3
223.7	4
224.15	1
224.57	2
225.02	3
225.46	4
225.86	1
226.24	2
226.62	3
227.04	4
227.48	1
227.93	2
228.37	3
228.83	4
229.28	1
229.71	2
230.18	3
230.6	4
231.04	1
231.48	2
231.92	3
232.38	4
232.81	1
233.24	2
233.69	3
234.16	4
234.6	1
235.04	2
235.49	3
235.93	4
236.37	1
236.83	2
237.27	3
237.7	4
238.15	1
238.58	2
239.03	3
239.5	4
239.94	1
240.39	2
240.83	3
241.28	4
241.71	1
242.15	2
242.61	3
243.05	4
243.49	1
243.92	2
244.38	3
244.81	4
245.26	1
245.7	2
246.15	3
246.59	4
247.03	1
247.47	2
247.91	3
248.38	4
248.83	1
249.26	2
249.73	3
250.15	4
250.61	1
251.04	2
251.47	3
251.92	4
252.38	1
252.95	2
253.49	3
254.02	4
254.59	1
255.12	2
255.68	3
256.12	4
256.56	1
257.02	2
257.46	3
257.92	4
258.36	1
258.8	2
259.25	3
259.68	4
260.14	1
260.58	2
261.03	3
261.5	4
261.93	1
262.37	2
262.8	3
263.24	4
263.68	1
264.12	2
264.58	3
265.04	4
265.47	1
265.92	2
266.35	3
266.81	4
267.25	1
267.68	2
268.12	3
268.56	4
269.02	1
269.47	2
269.91	3
270.36	4
270.79	1
271.23	2
271.69	3
272.15	4
272.58	1
273.02	2
273.46	3
273.92	4
274.34	1
274.79	2
275.23	3
275.69	4
276.13	1
276.57	2
277.01	3
277.46	4
277.89	1
278.35	2
278.79	3
279.25	4
279.68	1
280.12	2
280.57	3
281.02	4
281.45	1
281.88	2
282.33	3
282.79	4
283.23	1
283.68	2
284.11	3
284.57	4
284.99	1
285.44	2
285.89	3
286.35	4
286.79	1
287.24	2
287.68	3
288.13	4
288.58	1
289.01	2
289.47	3
289.91	4
290.33	1
290.78	2
291.23	3
291.66	4
292.12	1
292.56	2
293.03	3
293.47	4
293.9	1
294.34	2
294.78	3
295.22	4
295.67	1
296.13	2
296.56	3
297.03	4
297.48	1
297.91	2
298.36	3
