0.02	1
0.35	2
0.72	3
1.07	4
1.41	1
1.76	2
2.12	3
2.45	4
2.8	1
3.15	2
3.51	3
3.85	4
4.2	1
4.55	2
4.91	3
5.24	4
5.59	1
5.94	2
6.3	3
6.64	4
6.99	1
7.33	2
7.69	3
8.02	4
8.38	1
8.72	2
9.08	3
9.42	4
9.78	1
10.13	2
10.48	3
10.82	4
11.17	1
11.51	2
11.87	3
12.21	4
12.56	1
12.91	2
13.27	3
13.6	4
13.96	1
14.3	2
14.66	3
14.99	4
15.35	1
15.7	2
16.05	3
16.39	4
16.74	1
17.09	2
17.45	3
17.8	4
18.14	1
18.48	2
18.84	3
19.18	4
19.53	1
19.86	2
20.23	3
20.57	4
20.93	1
21.27	2
21.63	3
21.97	4
22.32	1
22.66	2
23.02	3
23.36	4
23.71	1
24.05	2
24.41	3
24.75	4
25.1	1
25.45	2
25.8	3
26.14	4
26.5	1
26.84	2
27.19	3
27.54	4
27.89	1
28.23	2
28.59	3
28.93	4
29.28	1
29.63	2
29.98	3
30.32	4
30.68	1
31.02	2
31.38	3
31.71	4
32.06	1
32.42	2
32.77	3
33.11	4
33.46	1
33.81	2
34.17	3
34.51	4
34.87	1
35.2	2
35.56	3
35.9	4
36.25	1
36.6	2
36.95	3
37.29	4
37.64	1
37.99	2
38.34	3
38.69	4
39.04	1
39.38	2
39.73	3
40.08	4
40.44	1
40.77	2
41.14	3
41.47	4
41.83	1
42.17	2
42.53	3
42.86	4
43.21	1
43.57	2
43.92	3
44.26	4
44.62	1
44.96	2
45.32	3
45.66	4
46.01	1
46.36	2
46.71	3
47.05	4
47.4	1
47.75	2
48.1	3
48.45	4
48.79	1
49.15	2
49.5	3
49.84	4
50.19	1
50.53	2
50.89	3
51.23	4
51.59	1
51.93	2
52.29	3
52.62	4
52.97	1
53.33	2
53.68	3
54.03	4
54.38	1
54.72	2
55.07	3
55.41	4
55.76	1
56.11	2
56.46	3
56.81	4
57.16	1
57.51	2
57.86	3
58.19	4
58.55	1
58.9	2
59.25	3
59.59	4
59.95	1
60.29	2
60.65	3
60.98	4
61.34	1
61.68	2
62.03	3
62.38	4
62.74	1
63.08	2
63.44	3
63.77	4
64.13	1
64.47	2
64.83	3
65.18	4
65.52	1
65.87	2
66.22	3
66.56	4
66.92	1
67.27	2
67.61	3
67.96	4
68.31	1
68.65	2
69.01	3
69.35	4
69.69	1
70.04	2
70.39	3
70.75	4
71.09	1
71.44	2
71.79	3
72.14	4
72.49	1
72.83	2
73.19	3
73.53	4
73.88	1
74.22	2
74.58	3
74.92	4
75.27	1
75.61	2
75.98	3
76.32	4
76.67	1
77.01	2
77.37	3
77.71	4
78.06	1
78.41	2
78.76	3
79.1	4
79.45	1
79.79	2
80.16	3
80.5	4
80.85	1
81.19	2
81.55	3
81.9	4
82.24	1
82.58	2
82.94	3
83.29	4
83.64	1
83.98	2
84.33	3
84.68	4
85.03	1
85.37	2
85.73	3
86.07	4
86.43	1
86.76	2
87.12	3
87.47	4
87.82	1
88.16	2
88.52	3
88.86	4
89.22	1
89.56	2
89.91	3
90.25	4
90.59	1
90.94	2
91.31	3
91.65	4
92.0	1
92.34	2
92.71	3
93.06	4
93.39	1
93.73	2
94.08	3
94.42	4
94.79	1
95.13	2
95.48	3
95.83	4
96.17	1
96.52	2
96.88	3
97.22	4
97.58	1
97.92	2
98.27	3
98.61	4
98.96	1
99.3	2
99.66	3
100.0	4
100.36	1
100.71	2
101.06	3
101.39	4
101.74	1
102.1	2
102.45	3
102.79	4
103.15	1
103.49	2
103.85	3
104.19	4
104.54	1
104.88	2
105.22	3
105.57	4
105.93	1
106.28	2
106.63	3
106.97	4
107.32	1
107.67	2
108.02	3
108.37	4
108.72	1
109.06	2
109.42	3
109.77	4
110.11	1
110.45	2
110.81	3
111.15	4
111.51	1
111.85	2
112.21	3
112.55	4
112.9	1
113.25	2
113.6	3
113.94	4
114.29	1
114.64	2
114.99	3
115.34	4
115.69	1
116.04	2
116.39	3
116.73	4
117.08	1
117.43	2
117.78	3
118.12	4
118.48	1
118.83	2
119.18	3
119.52	4
119.88	1
120.21	2
120.57	3
120.92	4
121.27	1
121.61	2
121.96	3
122.3	4
122.66	1
123.0	2
123.36	3
123.71	4
124.05	1
124.4	2
124.75	3
125.1	4
125.44	1
125.78	2
126.15	3
126.49	4
126.84	1
127.2	2
127.54	3
127.89	4
128.23	1
128.58	2
128.93	3
129.27	4
129.63	1
129.98	2
130.33	3
130.66	4
131.02	1
131.37	2
131.72	3
132.06	4
132.41	1
132.76	2
133.12	3
133.45	4
133.81	1
134.15	2
134.51	3
134.86	4
135.21	1
135.55	2
135.9	3
136.25	4
136.59	1
136.95	2
137.29	3
137.64	4
137.99	1
138.33	2
138.69	3
139.03	4
139.37	1
139.73	2
140.08	3
140.43	4
140.77	1
141.12	2
141.47	3
141.83	4
142.17	1
142.51	2
142.87	3
143.21	4
143.56	1
143.91	2
144.26	3
144.6	4
144.96	1
145.3	2
145.66	3
146.0	4
146.35	1
146.69	2
147.05	3
147.39	4
147.74	1
148.09	2
148.44	3
148.78	4
149.13	1
149.48	2
149.84	3
150.17	4
150.53	1
150.88	2
151.22	3
151.58	4
151.92	1
152.27	2
152.62	3
152.97	4
153.32	1
153.66	2
154.02	3
154.36	4
154.7	1
155.06	2
155.41	3
155.76	4
156.11	1
156.45	2
156.81	3
157.15	4
157.5	1
157.84	2
158.2	3
158.54	4
158.89	1
159.24	2
159.59	3
159.93	4
160.29	1
160.64	2
160.99	3
161.34	4
161.68	1
162.03	2
162.38	3
162.72	4
163.07	1
163.43	2
163.78	3
164.12	4
164.47	1
164.82	2
165.16	3
165.51	4
165.86	1
166.22	2
166.56	3
166.92	4
167.26	1
167.6	2
167.95	3
168.29	4
168.65	1
169.0	2
169.35	3
169.69	4
170.04	1
170.39	2
170.74	3
171.08	4
171.43	1
171.78	2
172.14	3
172.47	4
172.82	1
173.17	2
173.53	3
173.87	4
174.22	1
174.56	2
174.92	3
175.26	4
175.62	1
175.96	2
176.32	3
176.67	4
177.01	1
177.36	2
177.71	3
178.05	4
178.4	1
178.75	2
179.1	3
179.44	4
179.79	1
180.15	2
180.5	3
180.84	4
181.19	1
181.53	2
181.89	3
182.24	4
182.58	1
182.93	2
183.29	3
183.62	4
183.98	1
184.33	2
184.68	3
185.02	4
185.37	1
185.71	2
186.07	3
186.41	4
186.76	1
187.11	2
187.47	3
187.81	4
188.16	1
188.5	2
188.86	3
189.19	4
189.55	1
189.9	2
190.25	3
190.6	4
190.95	1
191.29	2
191.65	3
191.99	4
192.34	1
192.68	2
193.04	3
193.38	4
193.73	1
194.08	2
194.44	3
194.78	4
195.13	1
195.48	2
195.83	3
196.16	4
196.52	1
196.87	2
197.22	3
197.56	4
197.92	1
198.26	2
198.61	3
198.96	4
199.31	1
199.65	2
200.0	3
200.35	4
200.7	1
201.05	2
201.4	3
201.74	4
202.1	1
202.44	2
202.79	3
203.14	4
203.49	1
203.83	2
204.19	3
204.53	4
204.88	1
205.23	2
205.58	3
205.92	4
206.27	1
206.62	2
206.98	3
207.31	4
207.67	1
208.02	2
208.37	3
208.71	4
209.07	1
209.4	2
209.76	3
210.11	4
210.46	1
210.79	2
211.15	3
211.49	4
211.84	1
212.2	2
212.55	3
212.89	4
213.25	1
213.59	2
213.94	3
214.28	4
214.63	1
214.98	2
215.33	3
215.68	4
216.04	1
216.38	2
216.73	3
217.07	4
217.43	1
217.77	2
218.12	3
218.46	4
218.82	1
219.15	2
219.52	3
219.85	4
220.21	1
220.56	2
220.9	3
221.25	4
221.6	1
221.95	2
222.3	3
222.66	4
223.0	1
223.33	2
223.7	3
224.03	4
224.39	1
224.74	2
225.09	3
225.43	4
225.78	1
226.12	2
226.48	3
226.82	4
227.17	1
227.51	2
227.88	3
228.22	4
228.57	1
228.92	2
229.27	3
229.61	4
229.97	1
230.31	2
230.67	3
231.0	4
231.36	1
231.7	2
232.06	3
232.4	4
232.75	1
233.1	2
233.45	3
233.8	4
234.15	1
234.48	2
234.84	3
235.19	4
235.53	1
235.89	2
236.24	3
236.58	4
236.94	1
237.27	2
237.63	3
237.97	4
238.33	1
238.67	2
239.03	3
239.37	4
239.72	1
240.07	2
240.42	3
240.76	4
241.1	1
241.46	2
241.82	3
242.15	4
242.51	1
242.85	2
243.21	3
243.55	4
243.9	1
244.25	2
244.6	3
244.93	4
245.29	1
245.63	2
246.0	3
246.34	4
246.69	1
247.03	2
247.39	3
247.73	4
248.08	1
248.41	2
248.78	3
249.12	4
249.47	1
249.83	2
250.18	3
250.51	4
250.87	1
251.21	2
251.57	3
251.91	4
252.26	1
252.61	2
252.97	3
253.3	4
253.66	1
254.0	2
254.36	3
254.7	4
255.06	1
255.4	2
255.75	3
256.09	4
256.44	1
256.79	2
257.14	3
257.49	4
257.84	1
258.18	2
258.53	3
258.87	4
259.23	1
259.57	2
259.93	3
260.27	4
260.63	1
260.97	2
261.33	3
261.66	4
262.01	1
262.36	2
262.71	3
263.06	4
263.41	1
263.75	2
264.12	3
264.45	4
264.81	1
265.15	2
265.51	3
265.85	4
