0.27	4
0.75	1
1.23	2
1.71	3
2.19	4
2.67	1
3.17	2
3.65	3
4.14	4
4.62	1
5.12	2
5.59	3
6.07	4
6.55	1
7.04	2
7.51	3
8.01	4
8.49	1
8.97	2
9.44	3
9.9	4
10.36	1
10.8	2
11.28	3
11.73	4
12.2	1
12.64	2
13.1	3
13.59	4
14.06	1
14.55	2
15.03	3
15.51	4
15.99	1
16.47	2
16.95	3
17.45	4
17.93	1
18.4	2
18.9	3
19.39	4
19.86	1
20.34	2
20.83	3
21.32	4
21.8	1
22.28	2
22.77	3
23.25	4
23.73	1
24.21	2
24.71	3
25.19	4
25.67	1
26.15	2
26.64	3
27.13	4
27.61	1
28.09	2
28.58	3
29.06	4
29.55	1
30.02	2
30.5	3
31.0	4
31.47	1
31.96	2
32.45	3
32.94	4
33.41	1
33.89	2
34.38	3
34.87	4
35.34	1
35.83	2
36.31	3
36.8	4
37.29	1
37.77	2
38.25	3
38.74	4
39.22	1
39.7	2
40.19	3
40.67	4
41.16	1
41.64	2
42.12	3
42.61	4
43.09	1
43.57	2
44.06	3
44.54	4
45.03	1
45.5	2
45.99	3
46.48	4
46.96	1
47.44	2
47.93	3
48.42	4
48.89	1
49.38	2
49.87	3
50.36	4
50.83	1
51.31	2
51.8	3
52.28	4
52.77	1
53.25	2
53.73	3
54.22	4
54.7	1
55.18	2
55.68	3
56.16	4
56.64	1
57.11	2
57.6	3
58.1	4
58.57	1
59.05	2
59.54	3
60.02	4
60.51	1
60.99	2
61.47	3
61.96	4
62.44	1
62.92	2
63.41	3
63.9	4
64.38	1
64.86	2
65.34	3
65.83	4
66.31	1
66.79	2
67.29	3
67.77	4
68.25	1
68.73	2
69.22	3
69.7	4
70.17	1
70.67	2
71.16	3
71.64	4
72.12	1
72.61	2
73.1	3
73.57	4
74.06	1
74.54	2
75.02	3
75.52	4
75.99	1
76.47	2
76.95	3
77.45	4
77.93	1
78.42	2
78.89	3
79.39	4
79.86	1
80.35	2
80.83	3
81.32	4
81.8	1
82.29	2
82.76	3
83.25	4
83.74	1
84.22	2
84.7	3
85.18	4
85.68	1
86.16	2
86.64	3
87.13	4
87.61	1
88.09	2
88.58	3
89.06	4
89.54	1
90.02	2
90.51	3
90.99	4
91.47	1
91.96	2
92.44	3
92.92	4
93.42	1
93.89	2
94.39	3
94.87	4
95.34	1
95.83	2
96.31	3
96.8	4
97.28	1
97.77	2
98.25	3
98.74	4
99.22	1
99.7	2
100.18	3
100.67	4
101.16	1
101.64	2
102.12	3
102.6	4
103.08	1
103.57	2
104.05	3
104.54	4
105.02	1
105.51	2
105.99	3
106.47	4
106.95	1
107.44	2
107.92	3
108.42	4
108.9	1
109.38	2
109.87	3
110.35	4
110.83	1
111.31	2
111.79	3
112.29	4
112.77	1
113.25	2
113.72	3
114.22	4
114.69	1
115.18	2
115.67	3
116.16	4
116.64	1
117.13	2
117.6	3
118.09	4
118.57	1
119.06	2
119.54	3
120.04	4
120.51	1
120.99	2
121.47	3
121.96	4
122.44	1
122.93	2
123.41	3
123.9	4
124.37	1
124.86	2
125.35	3
125.83	4
126.31	1
126.8	2
127.29	3
127.76	4
128.24	1
128.73	2
129.22	3
129.7	4
130.19	1
130.67	2
131.15	3
131.64	4
132.14	1
132.6	2
133.09	3
133.58	4
134.06	1
134.54	2
135.03	3
135.51	4
135.99	1
136.47	2
136.96	3
137.45	4
137.93	1
138.41	2
138.9	3
139.38	4
139.87	1
140.35	2
140.82	3
141.32	4
141.8	1
142.28	2
142.76	3
143.26	4
143.72	1
144.21	2
144.69	3
145.18	4
145.67	1
146.15	2
146.64	3
147.13	4
147.6	1
148.09	2
148.57	3
149.06	4
149.54	1
150.02	2
150.5	3
151.0	4
151.47	1
151.96	2
152.44	3
152.93	4
153.4	1
153.89	2
154.38	3
154.87	4
155.36	1
155.83	2
156.32	3
156.8	4
157.28	1
157.76	2
158.25	3
158.74	4
159.21	1
159.7	2
160.19	3
160.67	4
161.16	1
161.65	2
162.12	3
162.61	4
163.08	1
163.57	2
164.05	3
164.54	4
165.02	1
165.51	2
165.99	3
166.48	4
166.96	1
167.44	2
167.93	3
168.41	4
168.89	1
169.38	2
169.86	3
170.35	4
170.83	1
171.31	2
171.8	3
172.28	4
172.76	1
173.25	2
173.73	3
174.22	4
174.7	1
175.19	2
175.68	3
176.15	4
176.64	1
177.12	2
177.61	3
178.09	4
178.57	1
179.05	2
179.53	3
180.02	4
180.51	1
180.99	2
181.47	3
181.96	4
182.44	1
182.93	2
183.41	3
183.89	4
184.37	1
184.86	2
185.34	3
185.83	4
186.31	1
186.8	2
187.28	3
187.77	4
188.25	1
188.73	2
189.22	3
189.7	4
190.19	1
190.67	2
191.16	3
191.63	4
192.12	1
192.6	2
193.08	3
193.57	4
194.05	1
194.54	2
195.02	3
195.51	4
195.99	1
196.47	2
196.97	3
197.46	4
197.93	1
198.41	2
198.88	3
199.39	4
199.87	1
200.34	2
200.83	3
201.31	4
201.78	1
202.28	2
202.76	3
203.25	4
203.73	1
204.21	2
204.7	3
205.19	4
205.67	1
206.15	2
206.64	3
207.13	4
207.61	1
208.08	2
208.57	3
209.06	4
209.54	1
210.02	2
210.5	3
210.99	4
211.48	1
211.96	2
212.45	3
212.93	4
213.42	1
213.89	2
214.38	3
214.86	4
215.35	1
215.83	2
216.31	3
216.8	4
217.26	1
217.76	2
218.25	3
218.74	4
219.22	1
219.7	2
220.18	3
220.67	4
221.15	1
221.64	2
222.12	3
222.61	4
223.09	1
223.57	2
224.06	3
224.55	4
225.02	1
225.51	2
225.99	3
226.49	4
226.96	1
227.44	2
227.93	3
228.42	4
228.89	1
229.37	2
229.85	3
230.35	4
230.83	1
231.31	2
231.8	3
232.28	4
232.75	1
233.25	2
233.74	3
234.22	4
234.7	1
235.18	2
235.68	3
236.16	4
236.64	1
237.12	2
237.6	3
238.09	4
238.58	1
239.06	2
239.54	3
240.02	4
240.49	1
241.0	2
241.48	3
241.96	4
242.44	1
242.92	2
243.41	3
243.89	4
244.37	1
244.86	2
245.35	3
245.83	4
246.31	1
246.79	2
247.28	3
247.77	4
248.24	1
248.74	2
249.22	3
249.71	4
250.19	1
250.67	2
251.16	3
251.63	4
252.12	1
252.6	2
253.09	3
253.58	4
254.06	1
254.54	2
255.02	3
255.51	4
256.01	1
256.49	2
256.96	3
257.46	4
257.93	1
258.42	2
258.9	3
259.38	4
259.88	1
260.36	2
260.83	3
261.32	4
261.8	1
262.28	2
262.77	3
263.25	4
263.74	1
264.22	2
264.71	3
265.19	4
265.66	1
266.16	2
266.64	3
267.13	4
267.61	1
268.09	2
268.57	3
269.06	4
269.54	1
270.02	2
270.5	3
271.0	4
271.46	1
271.96	2
272.44	3
272.93	4
273.41	1
273.9	2
274.38	3
274.87	4
275.36	1
275.83	2
276.31	3
276.8	4
277.29	1
277.77	2
278.25	3
278.74	4
279.22	1
279.7	2
280.19	3
280.66	4
281.15	1
281.63	2
282.12	3
282.61	4
283.09	1
283.57	2
284.05	3
284.54	4
285.02	1
285.51	2
285.99	3
286.48	4
286.96	1
287.44	2
287.93	3
288.41	4
288.9	1
289.38	2
289.86	3
290.35	4
290.83	1
291.31	2
291.8	3
292.28	4
292.77	1
293.25	2
293.74	3
294.22	4
294.7	1
295.19	2
295.69	3
296.16	4
296.64	1
297.12	2
297.6	3
298.09	4
298.57	1
299.06	2
299.54	3
300.02	4
300.51	1
300.99	2
301.48	3
301.96	4
302.44	1
302.92	2
303.42	3
303.9	4
304.38	1
304.86	2
305.36	3
305.84	4
306.31	1
306.8	2
307.28	3
307.77	4
308.25	1
308.74	2
309.22	3
309.7	4
310.19	1
310.67	2
311.16	3
311.64	4
312.12	1
312.6	2
313.08	3
313.58	4
314.06	1
314.54	2
315.02	3
315.51	4
315.99	1
316.47	2
316.96	3
317.45	4
317.94	1
318.41	2
318.89	3
319.38	4
319.85	1
320.35	2
320.83	3
321.31	4
321.79	1
322.28	2
322.76	3
323.25	4
323.73	1
324.21	2
324.69	3
325.19	4
325.66	1
326.15	2
326.64	3
327.12	4
327.6	1
328.08	2
328.56	3
329.06	4
329.54	1
330.03	2
330.51	3
331.01	4
331.52	1
331.99	2
332.48	3
332.95	4
333.42	1
333.92	2
334.38	3
334.86	4
335.34	1
335.84	2
336.33	3
336.82	4
337.3	1
337.76	2
338.26	3
338.73	4
339.22	1
339.7	2
340.18	3
340.67	4
341.15	1
341.63	2
342.12	3
342.59	4
343.09	1
343.55	2
344.05	3
344.53	4
344.99	1
345.47	2
345.97	3
346.43	4
346.93	1
347.41	2
347.87	3
348.37	4
348.85	1
349.31	2
349.79	3
350.29	4
350.77	1
351.24	2
351.71	3
352.19	4
352.69	1
353.17	2
353.65	3
354.13	4
354.61	1
355.07	2
355.56	3
356.05	4
356.51	1
356.99	2
357.47	3
357.97	4
358.44	1
358.93	2
359.41	3
359.89	4
360.36	1
