0.04	1
0.49	2
0.97	3
1.41	4
1.88	1
2.35	2
2.81	3
3.26	4
3.74	1
4.2	2
4.68	3
5.13	4
5.6	1
6.07	2
6.52	3
6.99	4
7.46	1
7.93	2
8.41	3
8.85	4
9.31	1
9.79	2
10.25	3
10.71	4
11.17	1
11.65	2
12.11	3
12.58	4
13.06	1
13.52	2
14.01	3
14.45	4
14.91	1
15.37	2
15.85	3
16.29	4
16.75	1
17.23	2
17.71	3
18.17	4
18.63	1
19.08	2
19.56	3
20.01	4
20.47	1
20.95	2
21.43	3
21.89	4
22.34	1
22.81	2
23.29	3
23.74	4
24.22	1
24.68	2
25.15	3
25.61	4
26.08	1
26.53	2
27.01	3
27.46	4
27.94	1
28.4	2
28.87	3
29.34	4
29.81	1
30.25	2
30.72	3
31.17	4
31.65	1
32.11	2
32.58	3
33.05	4
33.51	1
33.97	2
34.43	3
34.9	4
35.37	1
35.84	2
36.3	3
36.77	4
37.24	1
37.7	2
38.16	3
38.62	4
39.09	1
39.55	2
40.03	3
40.49	4
40.97	1
41.42	2
41.88	3
42.34	4
42.81	1
43.28	2
43.74	3
44.22	4
44.69	1
45.14	2
45.61	3
46.07	4
46.54	1
47.01	2
47.47	3
47.93	4
48.41	1
48.87	2
49.33	3
49.79	4
50.27	1
50.73	2
51.19	3
51.66	4
52.12	1
52.58	2
53.04	3
53.51	4
53.97	1
54.45	2
54.9	3
55.38	4
55.85	1
56.31	2
56.78	3
57.23	4
57.7	1
58.16	2
58.63	3
59.11	4
59.57	1
60.03	2
60.49	3
60.95	4
61.42	1
61.89	2
62.36	3
62.83	4
63.29	1
63.75	2
64.21	3
64.67	4
65.14	1
65.61	2
66.07	3
66.55	4
67.0	1
67.47	2
67.93	3
68.4	4
68.87	1
69.34	2
69.79	3
70.27	4
70.73	1
71.19	2
71.65	3
72.12	4
72.59	1
73.06	2
73.52	3
73.99	4
74.45	1
74.92	2
75.38	3
75.84	4
76.31	1
76.78	2
77.24	3
77.71	4
78.17	1
78.64	2
79.1	3
79.56	4
80.04	1
80.5	2
80.96	3
81.43	4
81.9	1
82.36	2
82.84	3
83.28	4
83.76	1
84.22	2
84.69	3
85.16	4
85.62	1
86.07	2
86.54	3
87.01	4
87.48	1
87.94	2
88.41	3
88.88	4
89.34	1
89.8	2
90.27	3
90.73	4
91.19	1
91.66	2
92.14	3
92.6	4
93.06	1
93.52	2
94.0	3
94.45	4
94.92	1
95.4	2
95.86	3
96.32	4
96.78	1
97.24	2
97.71	3
98.17	4
98.64	1
99.1	2
99.58	3
100.03	4
100.49	1
100.97	2
101.43	3
101.89	4
102.36	1
102.82	2
103.29	3
103.76	4
104.21	1
104.68	2
105.16	3
105.62	4
106.09	1
106.55	2
107.02	3
107.48	4
107.95	1
108.4	2
108.88	3
109.34	4
109.81	1
110.27	2
110.74	3
111.2	4
111.69	1
112.13	2
112.6	3
113.06	4
113.53	1
113.99	2
114.46	3
114.93	4
115.39	1
115.85	2
116.32	3
116.78	4
117.25	1
117.71	2
118.17	3
118.65	4
119.11	1
119.57	2
120.04	3
120.5	4
120.97	1
121.43	2
121.91	3
122.37	4
122.84	1
123.29	2
123.75	3
124.22	4
124.69	1
125.15	2
125.62	3
126.09	4
126.57	1
127.02	2
127.5	3
127.94	4
128.41	1
128.88	2
129.34	3
129.82	4
130.27	1
130.73	2
131.21	3
131.66	4
132.13	1
132.6	2
133.06	3
133.53	4
133.99	1
134.44	2
134.92	3
135.4	4
135.86	1
136.32	2
136.78	3
137.26	4
137.72	1
138.16	2
138.63	3
139.08	4
139.56	1
140.02	2
140.47	3
140.94	4
141.42	1
141.9	2
142.37	3
142.83	4
143.3	1
143.77	2
144.23	3
144.68	4
145.14	1
145.62	2
146.08	3
146.53	4
147.01	1
147.47	2
147.94	3
148.42	4
148.9	1
149.34	2
149.81	3
150.27	4
150.74	1
151.21	2
151.68	3
152.14	4
152.61	1
153.06	2
153.54	3
153.99	4
154.47	1
154.93	2
155.4	3
155.87	4
156.33	1
156.79	2
157.26	3
157.71	4
158.18	1
158.65	2
159.12	3
159.58	4
160.05	1
160.51	2
160.98	3
161.44	4
161.9	1
162.37	2
162.84	3
163.32	4
163.78	1
164.27	2
164.73	3
165.17	4
165.65	1
166.09	2
166.55	3
167.02	4
167.49	1
167.96	2
168.43	3
168.89	4
169.38	1
169.83	2
170.3	3
170.76	4
171.23	1
171.68	2
172.16	3
172.6	4
173.07	1
173.54	2
174.01	3
174.47	4
174.93	1
175.4	2
175.88	3
176.35	4
176.83	1
177.27	2
177.73	3
178.19	4
178.66	1
179.12	2
179.58	3
180.05	4
180.52	1
180.98	2
181.45	3
181.91	4
182.38	1
182.84	2
183.3	3
183.77	4
184.25	1
184.72	2
185.18	3
185.64	4
186.11	1
186.56	2
187.04	3
187.48	4
187.96	1
188.42	2
188.9	3
189.36	4
189.82	1
190.28	2
190.76	3
191.21	4
191.68	1
192.15	2
192.63	3
193.08	4
193.54	1
194.0	2
194.47	3
194.93	4
195.4	1
195.87	2
196.34	3
196.8	4
197.27	1
197.72	2
198.2	3
198.65	4
199.12	1
199.56	2
200.03	3
200.51	4
200.99	1
201.44	2
201.92	3
202.37	4
202.84	1
203.31	2
203.79	3
204.24	4
204.7	1
205.17	2
205.64	3
206.1	4
206.56	1
207.03	2
207.51	3
207.97	4
208.43	1
208.89	2
209.37	3
209.82	4
210.29	1
210.75	2
211.22	3
211.68	4
212.14	1
212.61	2
213.08	3
213.54	4
214.0	1
214.48	2
214.95	3
215.4	4
215.87	1
216.33	2
216.8	3
217.26	4
217.73	1
218.19	2
218.66	3
219.13	4
219.58	1
220.05	2
220.52	3
220.98	4
221.45	1
221.92	2
222.39	3
222.86	4
223.32	1
223.77	2
224.24	3
224.7	4
225.17	1
225.64	2
226.11	3
226.57	4
227.05	1
227.5	2
227.98	3
228.42	4
228.89	1
229.36	2
229.83	3
230.3	4
230.76	1
231.21	2
231.69	3
232.15	4
232.61	1
233.07	2
233.55	3
234.02	4
234.49	1
234.93	2
235.41	3
235.86	4
236.33	1
236.78	2
237.26	3
237.74	4
238.2	1
238.67	2
239.13	3
239.6	4
240.06	1
240.52	2
240.99	3
241.46	4
241.92	1
242.4	2
242.85	3
243.31	4
243.78	1
244.25	2
244.71	3
245.19	4
