0.07	1
0.53	2
0.95	3
1.4	4
1.83	1
2.27	2
2.72	3
3.17	4
3.61	1
4.05	2
4.49	3
4.93	4
5.35	1
5.79	2
6.24	3
6.67	4
7.12	1
7.59	2
8.02	3
8.49	4
8.94	1
9.38	2
9.83	3
10.29	4
10.73	1
11.16	2
11.59	3
12.04	4
12.48	1
12.94	2
13.39	3
13.83	4
14.27	1
14.71	2
15.16	3
15.6	4
16.04	1
16.49	2
16.94	3
17.39	4
17.85	1
18.27	2
18.71	3
19.16	4
19.59	1
20.05	2
20.5	3
20.93	4
21.37	1
21.82	2
22.27	3
22.71	4
23.15	1
23.6	2
24.05	3
24.49	4
24.93	1
25.38	2
25.82	3
26.27	4
26.71	1
27.16	2
27.6	3
28.04	4
28.48	1
28.93	2
29.38	3
29.82	4
30.27	1
30.72	2
31.16	3
31.59	4
32.04	1
32.49	2
32.93	3
33.38	4
33.83	1
34.27	2
34.71	3
35.15	4
35.59	1
36.05	2
36.48	3
36.94	4
37.38	1
37.85	2
38.28	3
38.72	4
39.16	1
39.6	2
40.05	3
40.49	4
40.94	1
41.37	2
41.83	3
42.27	4
42.72	1
43.16	2
43.61	3
44.08	4
44.5	1
44.94	2
45.38	3
45.82	4
46.27	1
46.72	2
47.16	3
47.58	4
48.04	1
48.49	2
48.93	3
49.37	4
49.83	1
50.27	2
50.72	3
51.16	4
51.61	1
52.04	2
52.48	3
52.92	4
53.38	1
53.81	2
54.26	3
54.7	4
55.15	1
55.6	2
56.05	3
56.48	4
56.93	1
57.38	2
57.82	3
58.26	4
58.72	1
59.16	2
59.59	3
60.04	4
60.49	1
60.94	2
61.37	3
61.82	4
62.27	1
62.71	2
63.15	3
63.6	4
64.05	1
64.49	2
64.94	3
65.38	4
65.83	1
66.27	2
66.73	3
67.16	4
67.6	1
68.04	2
68.49	3
68.93	4
69.38	1
69.83	2
70.26	3
70.71	4
71.16	1
71.6	2
72.04	3
72.5	4
72.94	1
73.38	2
73.82	3
74.26	4
74.72	1
75.16	2
75.6	3
76.04	4
76.49	1
76.93	2
77.37	3
77.82	4
78.26	1
78.71	2
79.15	3
79.6	4
80.04	1
80.49	2
80.93	3
81.37	4
81.82	1
82.27	2
82.72	3
83.15	4
83.6	1
84.06	2
84.52	3
84.94	4
85.38	1
85.84	2
86.28	3
86.7	4
87.15	1
87.61	2
88.05	3
88.5	4
88.95	1
89.37	2
89.83	3
90.26	4
90.71	1
91.16	2
91.6	3
92.07	4
92.5	1
92.94	2
93.38	3
93.83	4
94.27	1
94.72	2
95.15	3
95.59	4
96.04	1
96.48	2
96.93	3
97.38	4
97.83	1
98.27	2
98.71	3
99.16	4
99.6	1
100.05	2
100.49	3
100.93	4
101.37	1
101.82	2
102.26	3
102.71	4
103.15	1
103.6	2
104.04	3
104.49	4
104.94	1
105.38	2
105.82	3
106.24	4
106.71	1
107.16	2
107.59	3
108.04	4
108.49	1
108.93	2
109.37	3
109.82	4
110.26	1
110.71	2
111.15	3
111.6	4
112.05	1
112.49	2
112.94	3
113.38	4
113.83	1
114.27	2
114.7	3
115.16	4
115.59	1
116.05	2
116.49	3
116.94	4
117.37	1
117.82	2
118.25	3
118.71	4
119.16	1
119.6	2
120.04	3
120.5	4
120.96	1
121.38	2
121.84	3
122.26	4
122.71	1
123.16	2
123.58	3
124.04	4
124.49	1
124.93	2
125.39	3
125.83	4
126.29	1
126.75	2
127.19	3
127.63	4
128.07	1
128.52	2
128.96	3
129.4	4
129.82	1
130.26	2
130.7	3
131.15	4
131.6	1
132.04	2
132.48	3
132.92	4
133.37	1
133.82	2
134.26	3
134.71	4
135.15	1
135.6	2
136.04	3
136.48	4
136.94	1
137.38	2
137.8	3
138.27	4
138.72	1
139.16	2
139.61	3
140.05	4
140.49	1
140.93	2
141.39	3
141.81	4
142.26	1
142.71	2
143.16	3
143.61	4
144.05	1
144.5	2
144.94	3
145.41	4
145.86	1
146.28	2
146.72	3
147.16	4
147.61	1
148.06	2
148.5	3
148.94	4
149.36	1
149.82	2
150.24	3
150.69	4
151.14	1
151.58	2
152.03	3
152.48	4
152.94	1
153.37	2
153.84	3
154.27	4
154.73	1
155.16	2
155.59	3
156.04	4
156.48	1
156.94	2
157.37	3
157.82	4
158.27	1
158.71	2
159.15	3
159.6	4
160.03	1
160.48	2
160.93	3
161.38	4
161.82	1
162.27	2
162.71	3
163.15	4
163.6	1
164.05	2
164.49	3
164.93	4
165.38	1
165.82	2
166.26	3
166.71	4
167.18	1
167.6	2
168.04	3
168.49	4
168.94	1
169.37	2
169.8	3
170.27	4
170.72	1
171.16	2
171.6	3
172.04	4
172.49	1
172.93	2
173.37	3
173.82	4
174.26	1
174.7	2
175.15	3
175.58	4
176.03	1
176.49	2
176.95	3
177.39	4
177.85	1
178.27	2
178.71	3
179.17	4
179.6	1
180.05	2
180.49	3
180.93	4
181.38	1
181.82	2
182.26	3
182.72	4
183.18	1
183.61	2
184.06	3
184.5	4
184.94	1
185.38	2
185.82	3
186.27	4
186.72	1
187.16	2
187.6	3
188.03	4
188.48	1
188.92	2
189.35	3
189.81	4
190.26	1
190.71	2
191.15	3
191.6	4
192.04	1
192.49	2
192.94	3
193.38	4
193.82	1
194.27	2
194.7	3
195.15	4
195.57	1
196.03	2
196.46	3
196.93	4
197.37	1
197.82	2
198.26	3
198.71	4
199.17	1
199.6	2
200.03	3
200.48	4
200.93	1
201.37	2
201.8	3
202.27	4
202.7	1
203.17	2
203.61	3
204.07	4
204.5	1
204.96	2
205.45	3
205.92	4
206.37	1
206.86	2
207.32	3
207.78	4
208.25	1
208.72	2
209.21	3
