0.22	1
0.63	2
1.04	3
1.48	4
1.88	1
2.31	2
2.72	3
3.16	4
3.57	1
4.0	2
4.42	3
4.86	4
5.27	1
5.72	2
6.14	3
6.57	4
7.01	1
7.43	2
7.85	3
8.28	4
8.7	1
9.14	2
9.56	3
10.0	4
10.44	1
10.86	2
11.28	3
11.71	4
12.16	1
12.57	2
12.99	3
13.43	4
13.84	1
14.29	2
14.7	3
15.15	4
15.58	1
16.0	2
16.43	3
16.86	4
17.28	1
17.72	2
18.14	3
18.57	4
19.0	1
19.45	2
19.85	3
20.29	4
20.7	1
21.15	2
21.56	3
22.0	4
22.43	1
22.86	2
23.28	3
23.71	4
24.14	1
24.58	2
24.99	3
25.43	4
25.87	1
26.29	2
26.71	3
27.15	4
27.58	1
28.01	2
28.43	3
28.86	4
29.29	1
29.74	2
30.16	3
30.6	4
31.01	1
31.46	2
31.88	3
32.3	4
32.75	1
33.18	2
33.59	3
34.01	4
34.43	1
34.87	2
35.28	3
35.72	4
36.14	1
36.56	2
37.0	3
37.43	4
37.87	1
38.3	2
38.73	3
39.15	4
39.57	1
40.0	2
40.43	3
40.86	4
41.29	1
41.72	2
42.15	3
42.6	4
43.01	1
43.43	2
43.86	3
44.29	4
44.72	1
45.13	2
45.58	3
45.99	4
46.43	1
46.87	2
47.29	3
47.73	4
48.16	1
48.57	2
49.01	3
49.45	4
49.86	1
50.3	2
50.72	3
51.15	4
51.56	1
51.99	2
52.43	3
52.85	4
53.3	1
53.73	2
54.14	3
54.59	4
55.02	1
55.43	2
55.86	3
56.3	4
56.72	1
57.15	2
57.57	3
58.01	4
58.43	1
58.87	2
59.28	3
59.73	4
60.14	1
60.58	2
60.99	3
61.43	4
61.84	1
62.29	2
62.71	3
63.14	4
63.58	1
64.0	2
64.43	3
64.85	4
65.29	1
65.72	2
66.16	3
66.57	4
67.02	1
67.43	2
67.86	3
68.29	4
68.74	1
69.15	2
69.56	3
70.0	4
70.42	1
70.87	2
71.3	3
71.72	4
72.15	1
72.57	2
73.02	3
73.43	4
73.88	1
74.31	2
74.72	3
75.15	4
75.6	1
76.02	2
76.46	3
76.88	4
77.32	1
77.73	2
78.18	3
78.59	4
79.02	1
79.46	2
79.86	3
80.3	4
80.72	1
81.15	2
81.58	3
82.0	4
82.44	1
82.85	2
83.3	3
83.72	4
84.14	1
84.59	2
85.02	3
85.43	4
85.86	1
86.29	2
86.72	3
87.16	4
87.57	1
88.0	2
88.43	3
88.86	4
89.29	1
89.72	2
90.14	3
90.57	4
91.0	1
91.43	2
91.86	3
92.3	4
92.73	1
93.15	2
93.58	3
94.0	4
94.42	1
94.87	2
95.29	3
95.73	4
96.14	1
96.58	2
97.0	3
97.43	4
97.86	1
98.29	2
98.72	3
99.15	4
99.6	1
100.01	2
100.43	3
100.87	4
101.29	1
101.72	2
102.15	3
102.59	4
103.0	1
103.43	2
103.86	3
104.31	4
104.71	1
105.15	2
105.56	3
106.0	4
106.43	1
106.86	2
107.28	3
107.72	4
108.15	1
108.58	2
109.0	3
109.43	4
109.86	1
110.28	2
110.72	3
111.15	4
111.59	1
112.0	2
112.45	3
112.86	4
113.31	1
113.71	2
114.13	3
114.58	4
114.99	1
115.44	2
115.86	3
116.29	4
116.72	1
117.14	2
117.59	3
118.0	4
118.45	1
118.88	2
119.3	3
119.73	4
120.16	1
120.58	2
120.99	3
121.43	4
121.86	1
122.29	2
122.71	3
123.15	4
123.57	1
124.01	2
124.42	3
124.86	4
125.28	1
125.72	2
126.16	3
126.57	4
127.02	1
127.43	2
127.85	3
128.29	4
128.71	1
129.15	2
129.57	3
130.0	4
130.42	1
130.86	2
131.28	3
131.72	4
132.16	1
132.57	2
133.0	3
133.43	4
133.88	1
134.29	2
134.71	3
135.15	4
135.56	1
136.01	2
136.42	3
136.86	4
137.3	1
137.72	2
138.14	3
138.58	4
139.0	1
139.44	2
139.86	3
140.29	4
140.72	1
141.15	2
141.57	3
142.01	4
142.44	1
142.87	2
143.28	3
143.72	4
144.16	1
144.58	2
145.01	3
145.44	4
145.86	1
146.31	2
146.72	3
147.17	4
147.58	1
148.03	2
148.46	3
148.88	4
149.32	1
149.73	2
150.18	3
150.59	4
151.03	1
151.44	2
151.86	3
152.3	4
152.72	1
153.15	2
153.58	3
154.0	4
154.43	1
154.86	2
155.29	3
155.72	4
156.15	1
156.6	2
157.02	3
157.44	4
157.89	1
158.32	2
158.72	3
159.16	4
159.56	1
160.01	2
160.43	3
160.87	4
161.28	1
161.72	2
162.14	3
162.57	4
163.01	1
163.44	2
163.86	3
164.29	4
164.72	1
165.14	2
165.57	3
166.01	4
166.43	1
166.87	2
167.29	3
167.73	4
168.16	1
168.58	2
169.0	3
169.44	4
169.86	1
170.29	2
170.72	3
171.15	4
171.58	1
171.98	2
172.43	3
172.86	4
173.29	1
173.72	2
174.14	3
174.58	4
174.99	1
175.43	2
175.85	3
176.3	4
176.71	1
177.16	2
177.57	3
178.02	4
178.44	1
178.88	2
179.28	3
179.7	4
180.14	1
180.57	2
181.0	3
181.43	4
181.85	1
182.29	2
182.72	3
183.14	4
183.56	1
184.0	2
184.44	3
184.85	4
185.3	1
185.71	2
186.12	3
186.55	4
186.99	1
187.43	2
187.86	3
188.29	4
188.72	1
189.15	2
189.56	3
190.01	4
190.42	1
190.87	2
191.28	3
191.73	4
192.14	1
192.58	2
193.0	3
193.44	4
193.86	1
194.31	2
194.72	3
195.17	4
195.58	1
196.03	2
196.45	3
196.85	4
197.3	1
197.72	2
198.14	3
198.57	4
199.02	1
199.43	2
199.86	3
200.31	4
200.71	1
201.14	2
201.56	3
202.0	4
202.42	1
202.87	2
203.29	3
203.73	4
204.14	1
204.59	2
205.01	3
205.44	4
205.86	1
206.29	2
206.72	3
207.17	4
207.57	1
208.0	2
208.42	3
208.85	4
209.24	1
209.67	2
210.08	3
210.49	4
210.89	1
211.29	2
211.72	3
212.15	4
212.57	1
213.02	2
213.43	3
213.89	4
214.31	1
214.77	2
215.19	3
215.65	4
216.07	1
216.51	2
216.95	3
217.41	4
