0.08	4
0.39	1
0.7	2
1.01	3
1.32	4
1.63	1
1.94	2
2.25	3
2.56	4
2.87	1
3.17	2
3.49	3
3.79	4
4.1	1
4.41	2
4.72	3
5.03	4
5.35	1
5.65	2
5.96	3
6.27	4
6.58	1
6.88	2
7.19	3
7.5	4
7.81	1
8.12	2
8.43	3
8.74	4
9.05	1
9.36	2
9.67	3
9.98	4
10.29	1
10.6	2
10.91	3
11.21	4
11.53	1
11.83	2
12.14	3
12.45	4
12.77	1
13.07	2
13.39	3
13.69	4
14.0	1
14.31	2
14.61	3
14.92	4
15.24	1
15.55	2
15.86	3
16.16	4
16.47	1
16.78	2
17.09	3
17.4	4
17.72	1
18.02	2
18.33	3
18.65	4
18.95	1
19.26	2
19.56	3
19.87	4
20.17	1
20.49	2
20.8	3
21.11	4
21.42	1
21.73	2
22.04	3
22.35	4
22.66	1
22.96	2
23.28	3
23.58	4
23.9	1
24.21	2
24.51	3
24.82	4
25.13	1
25.44	2
25.75	3
26.07	4
26.37	1
26.68	2
26.99	3
27.3	4
27.61	1
27.91	2
28.22	3
28.52	4
28.84	1
29.15	2
29.46	3
29.77	4
30.08	1
30.39	2
30.7	3
31.01	4
31.32	1
31.62	2
31.93	3
32.24	4
32.55	1
32.86	2
33.17	3
33.49	4
33.79	1
34.1	2
34.42	3
34.72	4
35.03	1
35.34	2
35.63	3
35.95	4
36.26	1
36.57	2
36.88	3
37.18	4
37.5	1
37.81	2
38.11	3
38.43	4
38.74	1
39.05	2
39.36	3
39.66	4
39.98	1
40.28	2
40.59	3
40.9	4
41.21	1
41.52	2
41.83	3
42.15	4
42.45	1
42.76	2
43.07	3
43.38	4
43.69	1
44.0	2
44.31	3
44.62	4
44.94	1
45.24	2
45.55	3
45.86	4
46.17	1
46.48	2
46.79	3
47.09	4
47.4	1
47.71	2
48.02	3
48.33	4
48.64	1
48.94	2
49.25	3
49.57	4
49.87	1
50.18	2
50.49	3
50.8	4
51.12	1
51.42	2
51.74	3
52.04	4
52.36	1
52.66	2
52.98	3
53.28	4
53.59	1
53.9	2
54.21	3
54.51	4
54.82	1
55.13	2
55.44	3
55.75	4
56.06	1
56.37	2
56.68	3
56.99	4
57.29	1
57.61	2
57.92	3
58.23	4
58.54	1
58.84	2
59.15	3
59.46	4
59.77	1
60.08	2
60.39	3
60.7	4
61.01	1
61.32	2
61.63	3
61.94	4
62.25	1
62.56	2
62.87	3
63.17	4
63.48	1
63.79	2
64.1	3
64.41	4
64.72	1
65.03	2
65.33	3
65.65	4
65.96	1
66.26	2
66.58	3
66.88	4
67.19	1
67.5	2
67.81	3
68.12	4
68.44	1
68.74	2
69.05	3
69.36	4
69.67	1
69.98	2
70.29	3
70.6	4
70.91	1
71.22	2
71.52	3
71.82	4
72.14	1
72.45	2
72.76	3
73.07	4
73.38	1
73.69	2
73.99	3
74.31	4
74.62	1
74.92	2
75.23	3
75.54	4
75.86	1
76.16	2
76.47	3
76.78	4
77.09	1
77.39	2
77.71	3
78.02	4
78.33	1
78.64	2
78.95	3
79.26	4
79.56	1
79.87	2
80.18	3
80.5	4
80.81	1
81.11	2
81.42	3
81.73	4
82.04	1
82.35	2
82.66	3
82.97	4
83.28	1
83.58	2
83.89	3
84.2	4
84.51	1
84.82	2
85.13	3
85.44	4
85.75	1
86.06	2
86.37	3
86.67	4
86.99	1
87.29	2
87.6	3
87.92	4
88.23	1
88.54	2
88.84	3
89.15	4
89.46	1
89.77	2
90.08	3
90.39	4
90.7	1
91.01	2
91.32	3
91.62	4
91.93	1
92.23	2
92.55	3
92.86	4
93.17	1
93.48	2
93.79	3
94.09	4
94.41	1
94.71	2
95.02	3
95.34	4
95.64	1
95.95	2
96.27	3
96.57	4
96.88	1
97.19	2
97.5	3
97.81	4
98.12	1
98.43	2
98.74	3
99.05	4
99.36	1
99.67	2
99.98	3
100.29	4
100.6	1
100.9	2
101.2	3
101.51	4
101.83	1
102.14	2
102.45	3
102.76	4
103.07	1
103.38	2
103.68	3
103.99	4
104.3	1
104.61	2
104.92	3
105.23	4
105.54	1
105.85	2
106.16	3
106.47	4
106.78	1
107.09	2
107.4	3
107.71	4
108.02	1
108.33	2
108.63	3
108.94	4
109.25	1
109.56	2
109.87	3
110.18	4
110.49	1
110.8	2
111.1	3
111.41	4
111.73	1
112.04	2
112.34	3
112.65	4
112.96	1
113.27	2
113.58	3
113.89	4
114.2	1
114.51	2
114.82	3
115.13	4
115.45	1
115.75	2
116.06	3
116.37	4
116.68	1
116.99	2
117.3	3
117.61	4
117.91	1
118.22	2
118.53	3
118.83	4
119.15	1
119.46	2
119.77	3
120.08	4
120.39	1
120.7	2
121.01	3
121.31	4
121.63	1
121.93	2
122.25	3
122.55	4
122.87	1
123.17	2
123.49	3
123.79	4
124.1	1
124.41	2
124.72	3
125.03	4
125.34	1
125.65	2
125.96	3
126.27	4
126.59	1
126.89	2
127.2	3
127.51	4
127.81	1
128.12	2
128.42	3
128.74	4
129.04	1
129.36	2
129.66	3
129.98	4
130.28	1
130.59	2
130.9	3
131.21	4
131.52	1
131.83	2
132.15	3
132.45	4
132.76	1
133.07	2
133.38	3
133.69	4
134.0	1
134.3	2
134.61	3
134.92	4
135.23	1
135.53	2
135.85	3
136.16	4
136.46	1
136.78	2
137.09	3
137.4	4
137.71	1
138.01	2
138.33	3
138.64	4
138.94	1
139.25	2
139.57	3
139.87	4
140.18	1
140.49	2
140.8	3
141.11	4
141.43	1
141.73	2
142.05	3
142.35	4
142.66	1
142.97	2
143.28	3
143.59	4
143.89	1
144.2	2
144.51	3
144.82	4
145.13	1
145.44	2
145.75	3
146.06	4
146.36	1
146.67	2
146.98	3
147.3	4
147.61	1
147.91	2
148.22	3
148.53	4
148.84	1
149.15	2
149.46	3
149.77	4
150.08	1
150.39	2
150.7	3
151.01	4
151.32	1
151.63	2
151.94	3
152.24	4
152.55	1
152.86	2
153.17	3
153.47	4
153.79	1
154.1	2
154.41	3
154.72	4
155.03	1
155.34	2
155.64	3
155.96	4
156.27	1
156.57	2
156.88	3
157.2	4
157.5	1
157.81	2
158.12	3
158.43	4
158.75	1
159.05	2
159.36	3
159.67	4
159.98	1
160.28	2
160.58	3
160.9	4
161.21	1
161.52	2
161.83	3
162.14	4
162.44	1
162.76	2
163.06	3
163.38	4
163.69	1
164.0	2
164.31	3
164.61	4
164.92	1
165.23	2
165.54	3
165.85	4
166.16	1
166.47	2
166.78	3
167.09	4
167.4	1
167.71	2
168.02	3
168.33	4
168.63	1
168.94	2
169.25	3
169.56	4
169.87	1
170.18	2
170.49	3
170.8	4
171.11	1
171.42	2
171.72	3
172.04	4
172.34	1
172.65	2
172.96	3
173.27	4
173.59	1
173.89	2
174.2	3
174.52	4
174.82	1
175.13	2
175.44	3
175.75	4
176.06	1
176.37	2
176.69	3
176.99	4
177.3	1
177.61	2
177.92	3
178.23	4
178.54	1
178.85	2
179.16	3
179.46	4
179.77	1
180.07	2
180.37	3
180.69	4
181.0	1
181.31	2
181.62	3
181.93	4
182.24	1
182.55	2
182.85	3
183.16	4
183.48	1
183.79	2
184.1	3
184.41	4
184.72	1
185.03	2
185.33	3
185.64	4
185.95	1
186.26	2
186.57	3
186.88	4
187.19	1
187.5	2
187.81	3
188.12	4
188.43	1
188.74	2
189.05	3
189.36	4
189.67	1
189.97	2
190.28	3
190.59	4
190.9	1
191.21	2
191.52	3
191.83	4
192.14	1
192.44	2
192.75	3
193.06	4
193.37	1
193.68	2
193.99	3
194.3	4
194.61	1
194.92	2
195.23	3
195.54	4
195.85	1
196.16	2
196.47	3
196.78	4
197.09	1
197.4	2
197.7	3
198.01	4
198.32	1
198.63	2
198.94	3
199.25	4
199.56	1
199.87	2
200.18	3
200.49	4
200.79	1
201.1	2
201.41	3
201.73	4
202.04	1
202.34	2
202.65	3
202.96	4
203.27	1
203.58	2
203.89	3
204.2	4
204.51	1
204.82	2
205.13	3
205.44	4
205.75	1
206.05	2
206.36	3
206.67	4
206.98	1
207.29	2
207.6	3
207.9	4
208.22	1
208.53	2
208.84	3
209.15	4
209.46	1
209.77	2
210.07	3
210.39	4
210.7	1
211.0	2
211.31	3
211.62	4
211.93	1
212.24	2
212.55	3
212.86	4
213.17	1
213.48	2
213.79	3
214.1	4
214.41	1
214.71	2
215.02	3
215.34	4
215.64	1
215.95	2
216.26	3
216.57	4
216.88	1
217.19	2
217.5	3
217.81	4
218.12	1
218.43	2
218.74	3
219.04	4
219.35	1
219.66	2
219.97	3
220.28	4
220.59	1
220.9	2
221.2	3
221.52	4
221.83	1
222.13	2
222.45	3
222.75	4
223.06	1
223.38	2
223.68	3
223.99	4
224.3	1
224.61	2
224.92	3
225.23	4
225.54	1
225.85	2
226.16	3
226.47	4
226.78	1
227.09	2
227.4	3
227.71	4
228.02	1
228.33	2
228.64	3
228.96	4
229.24	1
229.53	2
229.82	3
230.11	4
230.4	1
230.69	2
230.98	3
231.28	4
231.56	1
231.85	2
232.14	3
232.44	4
232.73	1
233.02	2
233.31	3
233.59	4
233.89	1
234.18	2
234.46	3
234.76	4
235.05	1
235.33	2
235.62	3
235.91	4
236.21	1
236.5	2
236.79	3
237.08	4
237.37	1
237.66	2
237.95	3
238.24	4
238.53	1
238.81	2
239.1	3
239.39	4
239.69	1
239.97	2
240.26	3
240.55	4
240.84	1
241.13	2
241.43	3
