0.98	2
2.08	3
3.19	4
4.28	1
5.37	2
6.31	3
7.28	4
8.22	1
9.19	2
10.13	3
11.14	4
12.1	1
13.05	2
14.01	3
14.96	4
15.85	1
16.74	2
17.68	3
18.52	4
19.42	1
20.31	2
21.19	3
22.08	4
22.95	1
23.83	2
24.67	3
25.59	4
26.49	1
27.38	2
28.25	3
29.14	4
30.04	1
30.93	2
31.79	3
32.71	4
33.6	1
34.48	2
35.39	3
36.28	4
37.17	1
38.05	2
38.94	3
39.84	4
40.71	1
41.6	2
42.48	3
43.35	4
44.24	1
45.13	2
46.01	3
46.9	4
47.79	1
48.7	2
49.6	3
50.5	4
51.39	1
52.27	2
53.15	3
54.05	4
54.93	1
55.82	2
56.7	3
57.59	4
58.45	1
59.33	2
60.23	3
61.12	4
61.83	1
62.59	2
63.37	3
64.04	4
64.73	1
65.17	2
65.65	3
66.11	4
66.53	1
66.97	2
67.39	3
67.83	4
68.27	1
68.73	2
69.16	3
69.61	4
70.06	1
70.5	2
70.95	3
71.42	4
71.85	1
72.28	2
72.73	3
73.18	4
73.62	1
74.04	2
74.48	3
74.92	4
75.37	1
75.82	2
76.24	3
76.7	4
77.15	1
77.6	2
78.02	3
78.47	4
78.92	1
79.37	2
79.8	3
80.23	4
80.68	1
81.13	2
81.57	3
82.02	4
82.46	1
82.91	2
83.34	3
83.79	4
84.24	1
84.68	2
85.12	3
85.57	4
86.02	1
86.48	2
86.92	3
87.37	4
87.82	1
88.25	2
88.68	3
89.14	4
89.57	1
90.02	2
90.45	3
90.91	4
91.35	1
91.8	2
92.24	3
92.7	4
93.14	1
93.6	2
94.03	3
94.47	4
94.91	1
95.35	2
95.8	3
96.24	4
96.69	1
97.13	2
97.57	3
98.02	4
98.46	1
98.9	2
99.35	3
99.8	4
100.23	1
100.68	2
101.12	3
101.56	4
102.01	1
102.46	2
102.91	3
103.34	4
103.79	1
104.23	2
104.68	3
105.12	4
105.57	1
106.02	2
106.46	3
106.91	4
107.34	1
107.78	2
108.23	3
108.68	4
109.12	1
109.57	2
110.0	3
110.43	4
110.87	1
111.33	2
111.76	3
112.23	4
112.66	1
113.13	2
113.56	3
114.03	4
114.45	1
114.89	2
115.35	3
115.79	4
116.23	1
116.68	2
117.11	3
117.57	4
118.02	1
118.46	2
118.9	3
119.35	4
119.79	1
120.23	2
120.67	3
121.11	4
121.56	1
122.01	2
122.44	3
122.89	4
123.33	1
123.79	2
124.23	3
124.67	4
125.1	1
125.57	2
125.99	3
126.44	4
126.88	1
127.33	2
127.77	3
128.21	4
128.65	1
129.1	2
129.55	3
129.99	4
130.43	1
130.86	2
131.31	3
131.76	4
132.23	1
132.65	2
133.1	3
133.54	4
133.98	1
134.42	2
134.88	3
135.33	4
135.79	1
136.21	2
136.65	3
137.1	4
137.55	1
137.99	2
138.46	3
138.89	4
139.32	1
139.74	2
140.17	3
140.62	4
141.08	1
141.52	2
141.97	3
142.43	4
142.88	1
143.32	2
143.77	3
144.22	4
144.66	1
145.1	2
145.53	3
145.97	4
146.42	1
146.85	2
147.3	3
147.74	4
148.19	1
148.62	2
149.06	3
149.51	4
149.96	1
150.41	2
150.85	3
151.3	4
151.75	1
152.2	2
152.63	3
153.09	4
153.52	1
153.98	2
154.41	3
154.86	4
155.32	1
155.78	2
156.21	3
156.66	4
157.09	1
157.54	2
157.99	3
158.43	4
158.86	1
159.3	2
159.73	3
160.18	4
160.63	1
161.08	2
161.52	3
161.98	4
162.42	1
162.87	2
163.31	3
163.78	4
164.21	1
164.65	2
165.08	3
165.54	4
165.97	1
166.41	2
166.86	3
167.29	4
167.74	1
168.18	2
168.63	3
169.09	4
169.53	1
169.97	2
170.42	3
170.84	4
171.28	1
171.73	2
172.18	3
172.63	4
173.08	1
173.52	2
173.97	3
174.43	4
174.87	1
175.31	2
175.75	3
176.19	4
176.64	1
177.08	2
177.52	3
177.97	4
178.4	1
178.84	2
179.29	3
179.75	4
180.18	1
180.64	2
181.07	3
181.52	4
181.95	1
182.4	2
182.83	3
183.3	4
183.73	1
184.19	2
184.63	3
185.08	4
185.52	1
185.96	2
186.4	3
186.84	4
187.28	1
187.71	2
188.17	3
188.62	4
189.07	1
189.51	2
189.95	3
190.4	4
190.84	1
191.29	2
191.73	3
192.19	4
192.62	1
193.07	2
193.49	3
193.94	4
194.38	1
194.83	2
195.26	3
195.71	4
196.18	1
196.62	2
197.05	3
197.51	4
197.94	1
198.38	2
198.82	3
199.27	4
199.73	1
200.18	2
200.61	3
201.06	4
201.49	1
201.93	2
202.37	3
202.82	4
203.29	1
203.72	2
204.18	3
204.64	4
205.07	1
205.52	2
205.96	3
206.41	4
206.85	1
207.28	2
207.72	3
208.17	4
208.59	1
209.04	2
209.49	3
209.93	4
210.38	1
210.81	2
211.28	3
211.73	4
212.17	1
212.62	2
213.07	3
213.51	4
213.95	1
214.4	2
214.84	3
215.28	4
215.73	1
216.18	2
216.6	3
217.05	4
217.49	1
217.93	2
218.36	3
218.8	4
219.25	1
219.7	2
220.15	3
220.59	4
221.04	1
221.49	2
221.93	3
222.38	4
222.83	1
223.26	2
223.7	3
224.15	4
224.57	1
225.03	2
225.46	3
225.9	4
226.35	1
226.82	2
227.46	3
228.14	4
228.83	1
229.52	2
230.21	3
231.04	4
231.91	1
232.85	2
233.7	3
234.6	4
235.49	1
236.4	2
237.17	3
237.97	4
238.84	1
239.72	2
240.6	3
241.47	4
242.37	1
243.25	2
244.14	3
245.03	4
245.92	1
246.8	2
247.69	3
248.6	4
249.49	1
250.37	2
251.25	3
252.13	4
253.01	1
253.9	2
254.8	3
255.67	4
256.56	1
257.46	2
258.36	3
259.25	4
260.14	1
261.02	2
261.93	3
262.81	4
263.69	1
264.58	2
265.47	3
266.34	4
267.25	1
268.12	2
269.02	3
269.91	4
270.8	1
271.68	2
272.59	3
273.46	4
274.35	1
275.23	2
276.12	3
277.01	4
277.9	1
278.79	2
279.69	3
280.57	4
281.45	1
282.33	2
283.23	3
284.1	4
285.0	1
285.89	2
286.79	3
287.68	4
288.58	1
289.48	2
290.34	3
291.23	4
292.12	1
293.02	2
