0.01	3
0.3	4
0.6	1
0.89	2
1.19	3
1.47	4
1.76	1
2.05	2
2.35	3
2.63	4
2.93	1
3.21	2
3.51	3
3.8	4
4.09	1
4.38	2
4.67	3
4.95	4
5.24	1
5.54	2
5.83	3
6.12	4
6.41	1
6.72	2
7.02	3
7.3	4
7.6	1
7.88	2
8.17	3
8.46	4
8.75	1
9.04	2
9.34	3
9.62	4
9.91	1
10.21	2
10.5	3
10.78	4
11.07	1
11.37	2
11.66	3
11.95	4
12.24	1
12.54	2
12.84	3
13.12	4
13.42	1
13.7	2
14.0	3
14.28	4
14.57	1
14.86	2
15.15	3
15.45	4
15.74	1
16.04	2
16.33	3
16.62	4
16.91	1
17.2	2
17.49	3
17.78	4
18.08	1
18.37	2
18.65	3
18.95	4
19.24	1
19.53	2
19.82	3
20.11	4
20.4	1
20.7	2
20.99	3
21.28	4
21.57	1
21.86	2
22.15	3
22.44	4
22.73	1
23.03	2
23.32	3
23.61	4
23.9	1
24.19	2
24.48	3
24.77	4
25.06	1
25.36	2
25.64	3
25.93	4
26.23	1
26.52	2
26.81	3
27.1	4
27.4	1
27.69	2
27.98	3
28.27	4
28.56	1
28.86	2
29.14	3
29.43	4
29.72	1
30.02	2
30.3	3
30.6	4
30.89	1
31.18	2
31.47	3
31.76	4
32.06	1
32.34	2
32.64	3
32.93	4
33.22	1
33.51	2
33.8	3
34.09	4
34.38	1
34.68	2
34.96	3
35.26	4
35.55	1
35.84	2
36.13	3
36.42	4
36.72	1
37.01	2
37.3	3
37.59	4
37.88	1
38.17	2
38.46	3
38.75	4
39.05	1
39.33	2
39.63	3
39.92	4
40.21	1
40.5	2
40.8	3
41.08	4
41.38	1
41.66	2
41.95	3
42.25	4
42.54	1
42.84	2
43.13	3
43.41	4
43.71	1
43.99	2
44.29	3
44.58	4
44.87	1
45.17	2
45.45	3
45.74	4
46.04	1
46.32	2
46.61	3
46.91	4
47.2	1
47.5	2
47.79	3
48.07	4
48.37	1
48.66	2
48.94	3
49.24	4
49.53	1
49.83	2
50.11	3
50.41	4
50.69	1
50.98	2
51.27	3
51.57	4
51.86	1
52.15	2
52.44	3
52.73	4
53.02	1
53.31	2
53.6	3
53.9	4
54.19	1
54.48	2
54.77	3
55.06	4
55.35	1
55.65	2
55.94	3
56.23	4
56.52	1
56.81	2
57.11	3
57.39	4
57.68	1
57.97	2
58.27	3
58.56	4
58.85	1
59.15	2
59.43	3
59.72	4
60.02	1
60.31	2
60.6	3
60.89	4
61.18	1
61.47	2
61.76	3
62.06	4
62.35	1
62.64	2
62.93	3
63.22	4
63.51	1
63.81	2
64.1	3
64.39	4
64.68	1
64.97	2
65.26	3
65.55	4
65.84	1
66.14	2
66.43	3
66.71	4
67.01	1
67.29	2
67.59	3
67.88	4
68.17	1
68.47	2
68.75	3
69.04	4
69.34	1
69.62	2
69.91	3
70.21	4
70.5	1
70.79	2
71.09	3
71.38	4
71.67	1
71.96	2
72.25	3
72.54	4
72.83	1
73.13	2
73.42	3
73.71	4
73.99	1
74.29	2
74.58	3
74.87	4
75.16	1
75.46	2
75.75	3
76.04	4
76.33	1
76.62	2
76.91	3
77.2	4
77.49	1
77.78	2
78.07	3
78.36	4
78.65	1
78.95	2
79.24	3
79.53	4
79.82	1
80.11	2
80.4	3
80.7	4
80.98	1
81.28	2
81.57	3
81.86	4
82.15	1
82.44	2
82.73	3
83.02	4
83.32	1
83.61	2
83.9	3
84.19	4
84.48	1
84.78	2
85.07	3
85.35	4
85.65	1
85.94	2
86.23	3
86.52	4
86.81	1
87.11	2
87.4	3
87.69	4
87.98	1
88.27	2
88.56	3
88.85	4
89.14	1
89.43	2
89.72	3
90.01	4
90.3	1
90.6	2
90.89	3
91.19	4
91.48	1
91.77	2
92.06	3
92.35	4
92.64	1
92.93	2
93.22	3
93.51	4
93.8	1
94.1	2
94.38	3
94.67	4
94.97	1
95.26	2
95.55	3
95.84	4
96.13	1
96.43	2
96.72	3
97.01	4
97.3	1
97.59	2
97.88	3
98.17	4
98.46	1
98.76	2
99.04	3
99.33	4
99.63	1
99.92	2
100.21	3
100.5	4
100.8	1
101.09	2
101.38	3
101.68	4
101.96	1
102.25	2
102.54	3
102.83	4
103.12	1
103.42	2
103.71	3
104.0	4
104.29	1
104.58	2
104.87	3
105.16	4
105.45	1
105.75	2
106.04	3
106.32	4
106.62	1
106.91	2
107.2	3
107.49	4
107.78	1
108.08	2
108.37	3
108.66	4
108.95	1
109.24	2
109.52	3
109.82	4
110.11	1
110.41	2
110.7	3
110.98	4
111.28	1
111.56	2
111.86	3
112.15	4
112.44	1
112.74	2
113.03	3
113.32	4
113.61	1
113.9	2
114.19	3
114.48	4
114.78	1
115.07	2
115.36	3
115.64	4
115.94	1
116.23	2
116.52	3
116.81	4
117.1	1
117.4	2
117.69	3
117.98	4
118.27	1
118.56	2
118.85	3
119.14	4
119.43	1
119.73	2
120.02	3
120.31	4
120.6	1
120.89	2
121.18	3
121.47	4
121.76	1
122.05	2
122.35	3
122.64	4
122.93	1
123.22	2
123.51	3
123.8	4
124.09	1
124.39	2
124.68	3
124.97	4
125.26	1
125.55	2
125.84	3
126.13	4
126.42	1
126.72	2
127.01	3
127.3	4
127.59	1
127.88	2
128.17	3
128.46	4
128.75	1
129.05	2
129.34	3
129.63	4
129.92	1
130.21	2
130.5	3
130.79	4
131.08	1
131.38	2
131.67	3
131.96	4
132.25	1
132.54	2
132.83	3
133.12	4
133.41	1
133.71	2
134.0	3
134.29	4
134.58	1
134.87	2
135.16	3
135.45	4
135.74	1
136.04	2
136.33	3
136.62	4
136.91	1
137.2	2
137.49	3
137.78	4
138.08	1
138.37	2
138.66	3
138.95	4
139.24	1
139.53	2
139.83	3
140.11	4
140.4	1
140.7	2
140.99	3
141.28	4
141.57	1
141.86	2
142.15	3
142.44	4
142.73	1
143.02	2
143.32	3
143.61	4
143.9	1
144.19	2
144.48	3
144.77	4
145.06	1
145.35	2
145.65	3
145.94	4
146.23	1
146.52	2
146.81	3
147.1	4
147.39	1
147.69	2
147.98	3
148.27	4
148.56	1
148.85	2
149.14	3
149.43	4
149.72	1
150.02	2
150.31	3
150.59	4
150.89	1
151.18	2
151.47	3
151.76	4
152.06	1
152.35	2
152.64	3
152.93	4
153.22	1
153.51	2
153.8	3
154.09	4
154.38	1
154.67	2
154.96	3
155.26	4
155.55	1
155.84	2
156.13	3
156.42	4
156.72	1
157.01	2
157.3	3
157.59	4
157.88	1
158.17	2
158.46	3
158.76	4
159.04	1
159.34	2
159.63	3
159.92	4
160.21	1
160.5	2
160.79	3
161.08	4
161.37	1
161.67	2
161.96	3
162.25	4
162.54	1
162.83	2
163.12	3
163.41	4
163.71	1
164.0	2
164.29	3
164.58	4
164.87	1
165.16	2
165.45	3
165.74	4
166.03	1
166.32	2
166.62	3
166.91	4
167.2	1
167.49	2
167.78	3
168.08	4
168.37	1
168.66	2
168.95	3
169.24	4
169.53	1
169.82	2
170.11	3
170.4	4
170.69	1
170.99	2
171.28	3
171.57	4
171.86	1
172.15	2
172.44	3
172.73	4
173.03	1
173.32	2
173.61	3
173.9	4
174.19	1
174.48	2
174.77	3
175.06	4
175.35	1
175.65	2
175.94	3
176.23	4
176.52	1
176.81	2
177.1	3
177.39	4
177.68	1
177.97	2
178.26	3
178.55	4
178.85	1
179.14	2
179.43	3
179.72	4
180.02	1
180.3	2
180.6	3
180.89	4
181.18	1
181.46	2
181.76	3
182.05	4
182.34	1
182.63	2
182.94	3
183.22	4
183.52	1
183.8	2
184.09	3
184.38	4
184.67	1
184.96	2
185.25	3
185.55	4
185.84	1
186.13	2
186.42	3
186.71	4
186.99	1
187.29	2
187.57	3
187.86	4
188.15	1
188.46	2
188.75	3
189.04	4
189.34	1
189.63	2
189.91	3
190.21	4
190.5	1
190.79	2
191.08	3
191.37	4
191.66	1
191.95	2
192.24	3
192.54	4
192.84	1
193.12	2
193.41	3
193.7	4
194.0	1
194.29	2
194.58	3
194.87	4
195.16	1
195.45	2
195.75	3
196.04	4
196.33	1
196.62	2
196.91	3
197.2	4
197.5	1
197.78	2
198.07	3
198.37	4
198.66	1
198.95	2
199.24	3
199.53	4
199.82	1
200.11	2
200.4	3
200.68	4
200.98	1
201.28	2
201.57	3
201.86	4
202.16	1
202.44	2
202.73	3
203.02	4
203.32	1
203.61	2
203.9	3
204.19	4
204.48	1
204.77	2
205.07	3
205.36	4
205.65	1
205.94	2
206.23	3
206.52	4
206.81	1
207.1	2
207.39	3
207.69	4
207.98	1
208.27	2
208.56	3
208.85	4
209.14	1
209.43	2
209.72	3
210.01	4
210.31	1
210.6	2
210.89	3
211.18	4
211.47	1
211.77	2
212.06	3
212.34	4
212.64	1
212.93	2
213.22	3
213.51	4
213.8	1
214.08	2
214.39	3
214.68	4
214.97	1
215.26	2
215.55	3
215.84	4
216.13	1
216.43	2
216.71	3
217.0	4
217.3	1
217.59	2
217.88	3
218.17	4
218.46	1
218.75	2
219.04	3
219.34	4
219.63	1
219.92	2
220.21	3
220.5	4
220.8	1
221.09	2
221.37	3
221.66	4
221.96	1
222.25	2
222.54	3
222.83	4
223.12	1
223.41	2
223.71	3
224.0	4
224.29	1
224.58	2
224.88	3
225.16	4
225.45	1
225.74	2
226.03	3
226.32	4
226.61	1
226.91	2
227.2	3
227.49	4
227.78	1
228.08	2
228.37	3
228.66	4
228.95	1
229.24	2
229.53	3
229.82	4
230.11	1
230.41	2
230.7	3
230.99	4
231.28	1
231.57	2
231.86	3
232.15	4
232.45	1
232.73	2
233.03	3
233.31	4
233.61	1
233.9	2
234.19	3
234.48	4
234.77	1
235.06	2
235.35	3
235.64	4
235.94	1
236.23	2
236.52	3
236.81	4
237.11	1
237.39	2
237.68	3
237.98	4
238.27	1
238.56	2
238.85	3
239.14	4
239.44	1
239.73	2
240.01	3
240.3	4
240.6	1
240.89	2
241.18	3
241.47	4
241.76	1
242.05	2
242.34	3
242.64	4
242.93	1
243.22	2
243.51	3
243.8	4
244.09	1
244.39	2
244.67	3
244.96	4
245.26	1
245.55	2
245.84	3
246.13	4
246.42	1
246.71	2
247.0	3
247.29	4
247.59	1
247.88	2
248.17	3
248.46	4
248.75	1
249.05	2
249.33	3
249.63	4
249.92	1
250.21	2
250.5	3
250.8	4
251.08	1
251.37	2
