0.22	1
0.59	2
0.92	3
1.28	4
1.64	1
1.98	2
2.34	3
2.68	4
3.05	1
3.42	2
3.78	3
4.13	4
4.5	1
4.85	2
5.22	3
5.57	4
5.92	1
6.28	2
6.64	3
7.01	4
7.35	1
7.71	2
8.06	3
8.42	4
8.78	1
9.13	2
9.49	3
9.86	4
10.2	1
10.56	2
10.93	3
11.28	4
11.63	1
11.99	2
12.35	3
12.71	4
13.08	1
13.42	2
13.79	3
14.14	4
14.5	1
14.85	2
15.2	3
15.57	4
15.92	1
16.28	2
16.63	3
16.99	4
17.34	1
17.71	2
18.07	3
18.43	4
18.78	1
19.14	2
19.49	3
19.85	4
20.21	1
20.56	2
20.92	3
21.28	4
21.63	1
21.99	2
22.35	3
22.71	4
23.07	1
23.42	2
23.78	3
24.14	4
24.5	1
24.86	2
25.21	3
25.57	4
25.92	1
26.27	2
26.64	3
26.99	4
27.35	1
27.71	2
28.06	3
28.42	4
28.76	1
29.14	2
29.5	3
29.86	4
30.21	1
30.56	2
30.92	3
31.28	4
31.64	1
31.99	2
32.36	3
32.71	4
33.06	1
33.42	2
33.79	3
34.13	4
34.5	1
34.85	2
35.2	3
35.57	4
35.93	1
36.28	2
36.63	3
37.0	4
37.36	1
37.71	2
38.07	3
38.42	4
38.78	1
39.13	2
39.5	3
39.85	4
40.2	1
40.57	2
40.92	3
41.28	4
41.65	1
41.99	2
42.35	3
42.71	4
43.07	1
43.42	2
43.79	3
44.13	4
44.49	1
44.85	2
45.21	3
45.57	4
45.93	1
46.27	2
46.64	3
46.99	4
47.36	1
47.71	2
48.08	3
48.42	4
48.78	1
49.14	2
49.49	3
49.85	4
50.19	1
50.56	2
50.91	3
51.27	4
51.63	1
52.0	2
52.35	3
52.71	4
53.06	1
53.42	2
53.78	3
54.14	4
54.5	1
54.85	2
55.21	3
55.57	4
55.93	1
56.28	2
56.64	3
57.0	4
57.36	1
57.71	2
58.06	3
58.42	4
58.79	1
59.14	2
59.51	3
59.85	4
60.21	1
60.56	2
60.92	3
61.28	4
61.64	1
61.99	2
62.36	3
62.71	4
63.07	1
63.43	2
63.79	3
64.15	4
64.5	1
64.86	2
65.2	3
65.57	4
65.93	1
66.28	2
66.64	3
67.0	4
67.35	1
67.71	2
68.07	3
68.43	4
68.78	1
69.13	2
69.5	3
69.85	4
70.22	1
70.57	2
70.92	3
71.28	4
71.64	1
72.0	2
72.35	3
72.71	4
73.07	1
73.43	2
73.77	3
74.14	4
74.49	1
74.87	2
75.21	3
75.58	4
75.94	1
76.29	2
76.67	3
77.02	4
77.37	1
77.74	2
78.07	3
78.44	4
78.78	1
79.13	2
79.49	3
79.86	4
80.22	1
80.57	2
80.93	3
81.29	4
81.64	1
82.0	2
82.36	3
82.71	4
83.06	1
83.42	2
83.78	3
84.14	4
84.5	1
84.85	2
85.22	3
85.57	4
85.92	1
86.28	2
86.65	3
86.99	4
87.35	1
87.71	2
88.07	3
88.43	4
88.78	1
89.13	2
89.5	3
89.86	4
90.21	1
90.57	2
90.92	3
91.28	4
91.62	1
91.99	2
92.35	3
92.71	4
93.07	1
93.42	2
93.78	3
94.14	4
94.5	1
94.85	2
95.19	3
95.57	4
95.92	1
96.29	2
96.65	3
97.0	4
97.36	1
97.71	2
98.06	3
98.43	4
98.78	1
99.13	2
99.49	3
99.85	4
100.21	1
100.56	2
100.93	3
101.28	4
101.63	1
101.99	2
102.35	3
102.71	4
103.07	1
103.42	2
103.78	3
104.14	4
104.5	1
104.85	2
105.21	3
105.56	4
105.92	1
106.27	2
106.64	3
106.99	4
107.35	1
107.71	2
108.06	3
108.42	4
108.77	1
109.13	2
109.49	3
109.85	4
110.21	1
110.56	2
110.94	3
111.28	4
111.65	1
112.0	2
112.35	3
112.7	4
113.07	1
113.42	2
113.78	3
114.14	4
114.49	1
114.85	2
115.21	3
115.56	4
115.92	1
116.28	2
116.63	3
117.0	4
117.36	1
117.71	2
118.07	3
118.43	4
118.79	1
119.14	2
119.51	3
119.85	4
120.21	1
120.56	2
120.92	3
121.28	4
121.64	1
122.0	2
122.35	3
122.71	4
123.07	1
123.42	2
123.78	3
124.13	4
124.49	1
124.85	2
125.21	3
125.57	4
125.92	1
126.29	2
126.64	3
127.0	4
127.37	1
127.71	2
128.07	3
128.42	4
128.79	1
129.14	2
129.5	3
129.85	4
130.2	1
130.57	2
130.93	3
131.29	4
131.63	1
131.99	2
132.36	3
132.71	4
133.08	1
133.43	2
133.77	3
134.14	4
134.5	1
134.86	2
135.21	3
135.57	4
135.93	1
136.28	2
136.62	3
137.0	4
137.36	1
137.71	2
138.07	3
138.43	4
138.78	1
139.13	2
139.48	3
139.85	4
140.21	1
140.57	2
140.92	3
141.28	4
141.65	1
142.0	2
142.35	3
142.71	4
143.07	1
143.42	2
143.77	3
144.13	4
144.5	1
144.85	2
145.21	3
145.56	4
145.92	1
146.27	2
146.64	3
146.99	4
147.37	1
147.73	2
148.08	3
148.45	4
148.79	1
149.27	2
149.72	3
150.2	4
150.68	1
151.18	2
151.66	3
152.14	4
152.6	1
153.09	2
153.57	3
154.04	4
154.51	1
154.98	2
155.45	3
155.93	4
156.4	1
156.88	2
157.36	3
157.86	4
158.32	1
158.78	2
159.25	3
159.73	4
160.21	1
160.57	2
160.93	3
161.29	4
161.62	1
162.0	2
162.34	3
162.71	4
163.08	1
163.42	2
163.78	3
164.14	4
164.49	1
164.85	2
165.2	3
165.57	4
165.92	1
166.28	2
166.64	3
166.99	4
167.35	1
167.71	2
168.05	3
168.42	4
168.78	1
169.14	2
169.5	3
169.85	4
170.21	1
170.56	2
170.92	3
171.28	4
171.64	1
172.0	2
172.35	3
172.71	4
173.06	1
173.42	2
173.78	3
174.13	4
174.49	1
174.85	2
175.2	3
175.57	4
175.93	1
176.28	2
176.64	3
177.0	4
177.35	1
177.71	2
178.06	3
178.42	4
178.78	1
179.14	2
179.5	3
179.85	4
180.19	1
180.57	2
180.92	3
181.29	4
181.64	1
181.99	2
182.35	3
182.71	4
183.07	1
183.43	2
183.77	3
184.14	4
184.49	1
184.85	2
185.21	3
185.57	4
185.92	1
186.28	2
186.63	3
187.0	4
187.36	1
187.71	2
188.08	3
188.42	4
188.78	1
189.13	2
189.45	3
189.76	4
190.09	1
190.4	2
190.72	3
191.05	4
191.36	1
191.69	2
192.0	3
192.33	4
192.65	1
192.96	2
193.29	3
193.61	4
193.93	1
194.24	2
194.57	3
194.89	4
195.21	1
195.53	2
195.84	3
196.16	4
196.48	1
196.81	2
197.12	3
197.45	4
197.77	1
198.08	2
198.4	3
198.73	4
