0.03	1
0.51	2
0.97	3
1.41	4
1.88	1
2.35	2
2.79	3
3.26	4
3.73	1
4.19	2
4.68	3
5.13	4
5.6	1
6.08	2
6.52	3
6.99	4
7.45	1
7.91	2
8.39	3
8.85	4
9.31	1
9.78	2
10.24	3
10.71	4
11.17	1
11.63	2
12.1	3
12.58	4
13.04	1
13.51	2
14.0	3
14.45	4
14.91	1
15.37	2
15.85	3
16.29	4
16.76	1
17.23	2
17.71	3
18.17	4
18.63	1
19.09	2
19.57	3
20.01	4
20.49	1
20.95	2
21.43	3
21.89	4
22.34	1
22.82	2
23.28	3
23.74	4
24.22	1
24.67	2
25.15	3
25.6	4
26.07	1
26.53	2
27.0	3
27.46	4
27.94	1
28.39	2
28.87	3
29.33	4
29.81	1
30.25	2
30.72	3
31.18	4
31.65	1
32.11	2
32.58	3
33.05	4
33.52	1
33.97	2
34.43	3
34.9	4
35.37	1
35.83	2
36.3	3
36.77	4
37.24	1
37.69	2
38.16	3
38.62	4
39.09	1
39.56	2
40.02	3
40.5	4
40.96	1
41.41	2
41.88	3
42.34	4
42.81	1
43.28	2
43.74	3
44.22	4
44.68	1
45.14	2
45.6	3
46.06	4
46.54	1
47.0	2
47.46	3
47.94	4
48.4	1
48.86	2
49.33	3
49.79	4
50.26	1
50.73	2
51.19	3
51.66	4
52.12	1
52.58	2
53.03	3
53.51	4
53.98	1
54.44	2
54.91	3
55.38	4
55.84	1
56.3	2
56.78	3
57.23	4
57.7	1
58.16	2
58.63	3
59.1	4
59.56	1
60.02	2
60.49	3
60.95	4
61.42	1
61.89	2
62.35	3
62.82	4
63.29	1
63.74	2
64.21	3
64.67	4
65.14	1
65.61	2
66.07	3
66.55	4
67.0	1
67.47	2
67.93	3
68.39	4
68.86	1
69.33	2
69.79	3
70.27	4
70.72	1
71.19	2
71.65	3
72.12	4
72.58	1
73.05	2
73.51	3
73.99	4
74.45	1
74.91	2
75.37	3
75.84	4
76.3	1
76.78	2
77.23	3
77.71	4
78.17	1
78.63	2
79.09	3
79.56	4
80.03	1
80.5	2
80.96	3
81.43	4
81.89	1
82.36	2
82.84	3
83.28	4
83.75	1
84.22	2
84.69	3
85.16	4
85.62	1
86.07	2
86.54	3
87.0	4
87.47	1
87.94	2
88.41	3
88.88	4
89.34	1
89.8	2
90.27	3
90.73	4
91.19	1
91.66	2
92.14	3
92.59	4
93.06	1
93.52	2
94.0	3
94.45	4
94.91	1
95.38	2
95.86	3
96.31	4
96.77	1
97.24	2
97.71	3
98.16	4
98.64	1
99.1	2
99.57	3
100.03	4
100.49	1
100.96	2
101.43	3
101.89	4
102.36	1
102.82	2
103.29	3
103.75	4
104.22	1
104.69	2
105.16	3
105.61	4
106.08	1
106.55	2
107.02	3
107.47	4
107.94	1
108.4	2
108.87	3
109.33	4
109.81	1
110.26	2
110.73	3
111.2	4
111.68	1
112.13	2
112.59	3
113.06	4
113.52	1
113.99	2
114.46	3
114.93	4
115.39	1
115.85	2
116.32	3
116.78	4
117.24	1
117.71	2
118.17	3
118.65	4
119.11	1
119.57	2
120.04	3
120.5	4
120.96	1
121.43	2
121.91	3
122.37	4
122.84	1
123.29	2
123.74	3
124.22	4
124.69	1
125.15	2
125.62	3
126.09	4
126.55	1
127.01	2
127.49	3
127.94	4
128.41	1
128.88	2
129.35	3
129.81	4
130.28	1
130.73	2
131.21	3
131.67	4
132.13	1
132.6	2
133.06	3
133.54	4
134.0	1
134.44	2
134.92	3
135.36	4
135.85	1
136.3	2
136.78	3
137.26	4
137.72	1
138.17	2
138.63	3
139.09	4
139.58	1
140.03	2
140.51	3
140.96	4
141.41	1
141.9	2
142.37	3
142.83	4
143.3	1
143.77	2
144.22	3
144.7	4
145.14	1
145.62	2
146.06	3
146.54	4
147.0	1
147.49	2
147.94	3
148.42	4
148.89	1
149.35	2
149.81	3
150.27	4
150.74	1
151.21	2
151.67	3
152.14	4
152.6	1
153.06	2
153.54	3
153.99	4
154.46	1
154.93	2
155.4	3
155.87	4
156.33	1
156.79	2
157.26	3
157.71	4
158.18	1
158.65	2
159.12	3
159.59	4
160.05	1
160.51	2
160.98	3
161.44	4
161.91	1
162.37	2
162.84	3
163.31	4
163.79	1
164.26	2
164.71	3
165.17	4
165.63	1
166.1	2
166.54	3
167.02	4
167.49	1
167.95	2
168.42	3
168.89	4
169.35	1
169.82	2
170.31	3
170.76	4
171.22	1
171.68	2
172.16	3
172.61	4
173.07	1
173.54	2
174.01	3
174.47	4
174.93	1
175.39	2
175.87	3
176.33	4
176.79	1
177.24	2
177.72	3
178.17	4
178.66	1
179.12	2
179.58	3
180.06	4
180.52	1
180.99	2
181.46	3
181.92	4
182.38	1
182.84	2
183.29	3
183.78	4
184.25	1
184.71	2
185.18	3
185.64	4
186.1	1
186.56	2
187.04	3
187.48	4
187.96	1
188.42	2
188.89	3
189.36	4
189.82	1
190.28	2
190.76	3
191.21	4
191.68	1
192.14	2
192.62	3
193.08	4
193.55	1
194.0	2
194.48	3
194.93	4
195.4	1
195.86	2
196.34	3
196.8	4
197.27	1
197.72	2
198.2	3
198.66	4
199.12	1
199.57	2
200.03	3
200.52	4
200.98	1
201.44	2
201.92	3
202.37	4
202.84	1
203.31	2
203.78	3
204.25	4
204.71	1
205.16	2
205.63	3
206.1	4
206.57	1
207.03	2
207.51	3
207.97	4
208.43	1
208.89	2
209.35	3
209.82	4
210.28	1
210.75	2
211.22	3
211.69	4
212.14	1
212.61	2
213.08	3
213.54	4
214.0	1
214.47	2
214.93	3
215.41	4
215.89	1
216.33	2
216.79	3
217.26	4
217.73	1
218.19	2
218.67	3
219.13	4
219.58	1
220.06	2
220.52	3
220.98	4
221.45	1
221.92	2
222.39	3
222.85	4
223.32	1
223.77	2
224.24	3
224.7	4
225.18	1
225.64	2
226.11	3
226.58	4
227.04	1
227.5	2
227.96	3
228.42	4
228.89	1
229.36	2
229.83	3
230.3	4
230.76	1
231.21	2
231.68	3
232.13	4
232.61	1
233.07	2
233.54	3
234.0	4
234.48	1
234.93	2
235.4	3
235.86	4
236.34	1
236.8	2
237.26	3
237.72	4
238.2	1
238.67	2
239.13	3
239.6	4
240.06	1
240.53	2
240.99	3
241.45	4
241.92	1
242.39	2
242.85	3
243.32	4
243.78	1
244.25	2
244.71	3
245.19	4
245.65	1
246.14	2
246.6	3
247.06	4
247.55	1
248.02	2
248.48	3
248.96	4
249.43	1
249.88	2
