0.47	4
1.06	1
1.65	2
2.26	3
2.85	4
3.46	1
4.04	2
4.64	3
5.25	4
5.86	1
6.46	2
7.03	3
7.64	4
8.25	1
8.83	2
9.44	3
10.06	4
10.65	1
11.22	2
11.85	3
12.43	4
13.04	1
13.62	2
14.24	3
14.83	4
15.44	1
16.03	2
16.64	3
17.22	4
17.85	1
18.42	2
19.04	3
19.61	4
20.23	1
20.81	2
21.44	3
22.01	4
22.63	1
23.21	2
23.84	3
24.41	4
25.03	1
25.62	2
26.23	3
26.81	4
27.42	1
28.0	2
28.63	3
29.22	4
29.82	1
30.4	2
31.02	3
31.6	4
32.22	1
32.8	2
33.42	3
34.0	4
34.62	1
35.2	2
35.82	3
36.4	4
37.01	1
37.6	2
38.22	3
38.8	4
39.41	1
40.0	2
40.6	3
41.05	4
41.5	1
41.94	2
42.38	3
42.7	4
42.99	1
43.29	2
43.59	3
43.9	4
44.2	1
44.49	2
44.8	3
45.1	4
45.4	1
45.7	2
45.99	3
46.3	4
46.6	1
46.9	2
47.19	3
47.5	4
47.8	1
48.1	2
48.39	3
48.69	4
49.0	1
49.29	2
49.6	3
49.89	4
50.2	1
50.49	2
50.79	3
51.09	4
51.39	1
51.7	2
51.99	3
52.29	4
52.59	1
52.89	2
53.19	3
53.5	4
53.8	1
54.09	2
54.4	3
54.69	4
54.99	1
55.29	2
55.59	3
55.89	4
56.19	1
56.48	2
56.77	3
57.08	4
57.38	1
57.68	2
57.98	3
58.28	4
58.58	1
58.87	2
59.17	3
59.48	4
59.78	1
60.08	2
60.37	3
60.67	4
60.98	1
61.28	2
61.57	3
61.88	4
62.18	1
62.48	2
62.77	3
63.07	4
63.38	1
63.68	2
63.97	3
64.27	4
64.58	1
64.87	2
65.17	3
65.47	4
65.78	1
66.08	2
66.37	3
66.68	4
66.98	1
67.28	2
67.57	3
67.88	4
68.17	1
68.48	2
68.76	3
69.07	4
69.37	1
69.66	2
69.96	3
70.27	4
70.57	1
70.87	2
71.16	3
71.47	4
71.76	1
72.07	2
72.36	3
72.66	4
72.97	1
73.26	2
73.56	3
73.87	4
74.16	1
74.47	2
74.76	3
75.06	4
75.37	1
75.67	2
75.96	3
76.27	4
76.57	1
76.86	2
77.16	3
77.46	4
77.77	1
78.06	2
78.36	3
78.66	4
78.96	1
79.27	2
79.56	3
79.85	4
80.15	1
80.45	2
80.74	3
81.05	4
81.35	1
81.64	2
81.94	3
82.25	4
82.55	1
82.85	2
83.15	3
83.45	4
83.75	1
84.05	2
84.34	3
84.65	4
84.95	1
85.24	2
85.54	3
85.85	4
86.15	1
86.45	2
86.74	3
87.05	4
87.34	1
87.64	2
87.95	3
88.24	4
88.54	1
88.84	2
89.14	3
89.44	4
89.74	1
90.04	2
90.34	3
90.64	4
90.95	1
91.24	2
91.55	3
91.85	4
92.15	1
92.45	2
92.75	3
93.04	4
93.34	1
93.65	2
93.94	3
94.24	4
94.55	1
94.84	2
95.14	3
95.44	4
95.75	1
96.04	2
96.34	3
96.64	4
96.94	1
97.24	2
97.52	3
97.83	4
98.13	1
98.43	2
98.72	3
99.03	4
99.33	1
99.63	2
99.92	3
100.23	4
100.52	1
100.82	2
101.12	3
101.43	4
101.73	1
102.02	2
102.32	3
102.62	4
102.93	1
103.22	2
103.52	3
103.83	4
104.13	1
104.43	2
104.71	3
105.02	4
105.32	1
105.62	2
105.91	3
106.22	4
106.52	1
106.82	2
107.11	3
107.42	4
107.72	1
108.01	2
108.31	3
108.62	4
108.92	1
109.22	2
109.51	3
109.82	4
110.11	1
110.42	2
110.71	3
111.01	4
111.32	1
111.61	2
111.91	3
112.21	4
112.51	1
112.82	2
113.12	3
113.41	4
113.71	1
114.02	2
114.31	3
114.61	4
114.92	1
115.22	2
115.51	3
115.82	4
116.12	1
116.41	2
116.71	3
117.02	4
117.3	1
117.6	2
117.9	3
118.21	4
118.5	1
118.8	2
119.1	3
119.4	4
119.71	1
120.01	2
120.3	3
120.61	4
120.91	1
121.2	2
121.5	3
121.8	4
122.11	1
122.4	2
122.7	3
123.0	4
123.31	1
123.6	2
123.9	3
124.21	4
124.51	1
124.8	2
125.1	3
125.4	4
125.71	1
126.01	2
126.31	3
126.6	4
126.9	1
127.2	2
127.48	3
127.79	4
128.09	1
128.39	2
128.68	3
128.99	4
129.29	1
129.59	2
129.88	3
130.19	4
130.49	1
130.79	2
131.08	3
131.39	4
131.69	1
131.99	2
132.28	3
132.59	4
132.88	1
133.18	2
133.48	3
133.79	4
134.09	1
134.39	2
134.69	3
134.99	4
135.29	1
135.59	2
135.89	3
136.19	4
136.49	1
136.79	2
137.09	3
137.39	4
137.69	1
137.98	2
138.28	3
138.58	4
138.89	1
139.18	2
139.48	3
139.78	4
140.08	1
140.39	2
140.68	3
140.98	4
141.28	1
141.58	2
141.88	3
142.18	4
142.49	1
142.79	2
143.07	3
143.38	4
143.67	1
143.98	2
144.27	3
144.58	4
144.88	1
145.18	2
145.48	3
145.78	4
146.08	1
146.37	2
146.67	3
146.98	4
147.27	1
147.57	2
147.87	3
148.18	4
148.47	1
148.77	2
149.07	3
149.37	4
149.68	1
149.97	2
150.27	3
150.57	4
150.87	1
151.18	2
151.47	3
151.78	4
152.07	1
152.36	2
152.66	3
152.97	4
153.27	1
153.57	2
153.86	3
154.17	4
154.47	1
154.76	2
155.07	3
155.37	4
155.67	1
155.97	2
156.26	3
156.56	4
156.87	1
157.16	2
157.46	3
157.76	4
158.07	1
158.36	2
158.65	3
158.96	4
159.26	1
159.56	2
159.86	3
160.16	4
160.45	1
160.76	2
161.05	3
161.36	4
161.66	1
161.95	2
162.25	3
162.55	4
162.86	1
163.15	2
163.45	3
163.75	4
164.06	1
164.35	2
164.65	3
164.96	4
165.26	1
165.54	2
165.85	3
166.15	4
166.45	1
166.75	2
167.04	3
167.34	4
167.65	1
167.95	2
168.24	3
168.55	4
168.85	1
169.14	2
169.45	3
169.74	4
170.04	1
170.34	2
170.64	3
170.94	4
171.25	1
171.54	2
171.84	3
172.15	4
172.45	1
172.74	2
173.04	3
173.35	4
173.65	1
173.94	2
174.24	3
174.54	4
174.83	1
175.14	2
175.44	3
175.74	4
176.04	1
176.33	2
176.63	3
176.94	4
177.23	1
177.54	2
177.83	3
178.14	4
178.44	1
178.74	2
179.04	3
179.34	4
179.64	1
179.94	2
180.23	3
180.54	4
180.83	1
181.13	2
181.43	3
181.74	4
182.04	1
182.34	2
182.63	3
182.94	4
183.24	1
183.53	2
183.81	3
184.12	4
184.42	1
184.72	2
185.01	3
185.32	4
185.62	1
185.92	2
186.21	3
186.52	4
186.82	1
187.12	2
187.41	3
187.72	4
188.02	1
188.31	2
188.61	3
188.91	4
189.22	1
189.52	2
189.81	3
190.12	4
190.42	1
190.71	2
191.01	3
191.32	4
191.61	1
191.92	2
192.21	3
192.52	4
192.82	1
193.12	2
193.41	3
193.71	4
194.02	1
194.31	2
194.61	3
194.92	4
195.22	1
195.51	2
195.8	3
196.11	4
196.41	1
196.71	2
197.0	3
197.3	4
197.61	1
197.9	2
198.2	3
198.5	4
198.81	1
199.1	2
199.41	3
199.7	4
200.0	1
200.3	2
200.6	3
200.91	4
201.21	1
201.5	2
201.8	3
202.1	4
202.41	1
202.71	2
203.0	3
203.31	4
203.61	1
203.9	2
204.2	3
204.5	4
204.81	1
205.1	2
205.4	3
205.71	4
206.0	1
206.31	2
206.6	3
206.9	4
207.2	1
207.5	2
207.81	3
208.11	4
208.4	1
208.71	2
209.0	3
209.29	4
209.59	1
209.89	2
210.18	3
210.49	4
210.79	1
211.09	2
211.38	3
211.69	4
211.99	1
212.28	2
212.58	3
212.88	4
213.19	1
213.49	2
213.79	3
214.09	4
214.39	1
214.68	2
214.98	3
215.28	4
215.59	1
215.89	2
216.18	3
216.49	4
216.79	1
217.08	2
217.38	3
217.68	4
217.99	1
218.28	2
218.58	3
218.89	4
219.3	1
219.77	2
220.39	3
220.97	4
221.59	1
222.17	2
222.78	3
223.37	4
223.98	1
224.56	2
225.18	3
225.77	4
226.38	1
226.97	2
227.57	3
228.17	4
228.77	1
229.36	2
229.98	3
230.56	4
231.17	1
231.76	2
232.37	3
232.95	4
233.57	1
234.15	2
234.77	3
235.35	4
235.96	1
236.55	2
237.16	3
237.76	4
238.36	1
238.94	2
239.57	3
240.15	4
240.76	1
241.35	2
241.97	3
242.55	4
243.15	1
243.74	2
244.36	3
244.94	4
245.55	1
246.14	2
246.75	3
247.35	4
247.96	1
248.53	2
249.15	3
249.74	4
250.35	1
250.93	2
251.54	3
252.14	4
252.75	1
253.34	2
253.94	3
254.53	4
255.14	1
255.73	2
256.34	3
256.93	4
257.54	1
258.12	2
258.74	3
259.32	4
259.93	1
260.52	2
261.13	3
261.72	4
262.33	1
262.92	2
263.53	3
264.12	4
264.73	1
265.32	2
265.93	3
266.52	4
267.12	1
267.74	2
268.33	3
268.94	4
269.54	1
270.15	2
270.79	3
271.38	4
272.01	1
272.6	2
273.22	3
273.82	4
274.42	1
275.05	2
