0.12	1
0.57	2
1.02	3
1.48	4
1.93	1
2.38	2
2.84	3
3.28	4
3.75	1
4.2	2
4.66	3
5.11	4
5.57	1
6.02	2
6.47	3
6.94	4
7.4	1
7.84	2
8.31	3
8.74	4
9.21	1
9.66	2
10.12	3
10.57	4
11.03	1
11.48	2
11.94	3
12.39	4
12.85	1
13.29	2
13.75	3
14.21	4
14.67	1
15.12	2
15.57	3
16.02	4
16.48	1
16.93	2
17.39	3
17.85	4
18.3	1
18.75	2
19.21	3
19.66	4
20.12	1
20.57	2
21.03	3
21.48	4
21.94	1
22.39	2
22.85	3
23.3	4
23.76	1
24.2	2
24.66	3
25.11	4
25.57	1
26.03	2
26.48	3
26.93	4
27.39	1
27.84	2
28.3	3
28.76	4
29.21	1
29.66	2
30.13	3
30.57	4
31.03	1
31.48	2
31.94	3
32.39	4
32.84	1
33.29	2
33.75	3
34.21	4
34.66	1
35.12	2
35.57	3
36.03	4
36.49	1
36.93	2
37.38	3
37.85	4
38.31	1
38.75	2
39.21	3
39.68	4
40.12	1
40.57	2
41.03	3
41.48	4
41.94	1
42.38	2
42.82	3
43.29	4
43.76	1
44.2	2
44.67	3
45.14	4
45.58	1
46.03	2
46.48	3
46.93	4
47.39	1
47.83	2
48.3	3
48.75	4
49.2	1
49.65	2
50.11	3
50.56	4
51.03	1
51.47	2
51.93	3
52.39	4
52.85	1
53.29	2
53.75	3
54.19	4
54.66	1
55.11	2
55.57	3
56.03	4
56.48	1
56.92	2
57.39	3
57.84	4
58.28	1
58.75	2
59.2	3
59.66	4
60.12	1
60.56	2
61.02	3
61.47	4
61.93	1
62.39	2
62.84	3
63.29	4
63.76	1
64.2	2
64.65	3
65.11	4
65.57	1
66.02	2
66.46	3
66.93	4
67.39	1
67.84	2
68.3	3
68.75	4
69.2	1
69.66	2
70.11	3
70.58	4
71.03	1
71.48	2
71.94	3
72.38	4
72.85	1
73.29	2
73.74	3
74.21	4
74.66	1
75.1	2
75.57	3
76.02	4
76.47	1
76.93	2
77.38	3
77.84	4
78.3	1
78.75	2
79.2	3
79.65	4
80.12	1
80.57	2
81.03	3
81.48	4
81.94	1
82.39	2
82.85	3
83.29	4
83.76	1
84.21	2
84.66	3
85.12	4
85.58	1
86.01	2
86.47	3
86.94	4
87.39	1
87.84	2
88.3	3
88.76	4
89.21	1
89.66	2
90.12	3
90.58	4
91.03	1
91.48	2
91.93	3
92.39	4
92.85	1
93.29	2
93.76	3
94.2	4
94.66	1
95.11	2
95.58	3
96.03	4
96.49	1
96.93	2
97.4	3
97.84	4
98.3	1
98.75	2
99.21	3
99.66	4
100.13	1
100.57	2
101.02	3
101.49	4
101.94	1
102.39	2
102.85	3
103.31	4
103.76	1
104.2	2
104.66	3
105.12	4
105.58	1
106.02	2
106.48	3
106.93	4
107.39	1
107.84	2
108.3	3
108.76	4
109.22	1
109.66	2
110.11	3
110.57	4
111.03	1
111.48	2
111.93	3
112.38	4
112.83	1
113.29	2
113.75	3
114.21	4
114.66	1
115.11	2
115.57	3
116.02	4
116.49	1
116.93	2
117.39	3
117.85	4
118.3	1
118.75	2
119.21	3
119.66	4
120.12	1
120.57	2
121.03	3
121.48	4
121.94	1
122.39	2
122.85	3
123.3	4
123.76	1
124.2	2
124.66	3
125.12	4
125.58	1
126.02	2
126.48	3
126.93	4
127.4	1
127.84	2
128.3	3
128.75	4
129.21	1
129.66	2
130.11	3
130.57	4
131.03	1
131.48	2
131.93	3
132.4	4
132.85	1
133.29	2
133.75	3
134.21	4
134.66	1
135.12	2
135.57	3
136.05	4
136.48	1
136.93	2
137.39	3
137.84	4
138.3	1
138.75	2
139.21	3
139.67	4
140.12	1
140.56	2
141.02	3
141.48	4
141.93	1
142.39	2
142.85	3
143.3	4
143.76	1
144.2	2
144.66	3
145.12	4
145.58	1
146.02	2
146.48	3
146.94	4
147.39	1
147.84	2
148.3	3
148.75	4
149.21	1
149.66	2
150.11	3
150.57	4
151.02	1
151.48	2
151.93	3
152.38	4
152.82	1
153.27	2
153.74	3
154.2	4
154.67	1
155.11	2
155.56	3
156.0	4
156.45	1
156.93	2
157.39	3
157.85	4
158.3	1
158.75	2
159.2	3
159.65	4
160.11	1
160.55	2
161.02	3
161.48	4
161.93	1
162.38	2
162.84	3
163.28	4
163.73	1
164.2	2
164.66	3
165.11	4
165.56	1
166.02	2
166.48	3
166.93	4
167.37	1
167.84	2
168.29	3
168.76	4
169.21	1
169.65	2
170.12	3
170.57	4
171.02	1
171.47	2
171.93	3
172.4	4
172.84	1
173.29	2
173.75	3
174.21	4
174.64	1
175.11	2
175.57	3
176.03	4
176.48	1
176.91	2
177.39	3
177.84	4
178.3	1
178.75	2
179.21	3
179.66	4
180.11	1
180.57	2
181.03	3
181.47	4
181.93	1
182.38	2
182.84	3
183.3	4
183.74	1
184.2	2
184.66	3
185.11	4
185.56	1
186.01	2
186.49	3
186.94	4
187.38	1
187.84	2
188.29	3
188.75	4
189.18	1
189.66	2
190.11	3
190.57	4
191.02	1
191.47	2
191.93	3
192.37	4
192.84	1
193.29	2
193.75	3
194.2	4
194.66	1
195.11	2
195.57	3
196.02	4
196.47	1
196.93	2
197.38	3
197.85	4
198.29	1
198.75	2
199.21	3
199.66	4
200.12	1
200.56	2
201.02	3
201.48	4
201.94	1
202.39	2
202.85	3
203.29	4
203.74	1
204.2	2
204.66	3
205.12	4
205.57	1
206.01	2
206.48	3
206.93	4
207.39	1
207.84	2
208.29	3
208.75	4
209.21	1
209.66	2
210.12	3
210.61	4
211.06	1
211.53	2
212.02	3
212.46	4
212.94	1
213.38	2
213.84	3
214.32	4
214.78	1
215.24	2
215.7	3
216.14	4
216.6	1
217.08	2
217.52	3
217.97	4
218.43	1
218.86	2
219.33	3
219.77	4
