0.02	1
0.72	2
1.44	3
2.14	4
2.83	1
3.54	2
4.2	3
4.9	4
5.62	1
6.32	2
6.99	3
7.7	4
8.38	1
9.08	2
9.78	3
10.47	4
11.17	1
11.87	2
12.57	3
13.26	4
13.95	1
14.66	2
15.35	3
16.05	4
16.75	1
17.45	2
18.15	3
18.84	4
19.53	1
20.24	2
20.94	3
21.63	4
22.33	1
23.04	2
23.73	3
24.43	4
25.11	1
25.82	2
26.51	3
27.22	4
27.91	1
28.61	2
29.32	3
30.01	4
30.69	1
31.4	2
32.1	3
32.8	4
33.5	1
34.2	2
34.89	3
35.59	4
36.28	1
36.99	2
37.68	3
38.38	4
39.07	1
39.78	2
40.48	3
41.17	4
41.85	1
42.56	2
43.26	3
43.96	4
44.66	1
45.3	2
45.71	3
46.06	4
46.4	1
46.75	2
47.11	3
47.44	4
47.8	1
48.15	2
48.49	3
48.84	4
49.2	1
49.55	2
49.89	3
50.24	4
50.59	1
50.93	2
51.29	3
51.65	4
51.98	1
52.34	2
52.69	3
53.02	4
53.38	1
53.73	2
54.08	3
54.42	4
54.77	1
55.12	2
55.49	3
55.81	4
56.17	1
56.51	2
56.87	3
57.21	4
57.57	1
57.92	2
58.27	3
58.61	4
58.95	1
59.3	2
59.66	3
60.01	4
60.36	1
60.7	2
61.06	3
61.4	4
61.75	1
62.1	2
62.45	3
62.81	4
63.15	1
63.5	2
63.85	3
64.18	4
64.54	1
64.89	2
65.24	3
65.58	4
65.94	1
66.29	2
66.64	3
66.98	4
67.34	1
67.68	2
68.03	3
68.38	4
68.73	1
69.08	2
69.43	3
69.77	4
70.11	1
70.47	2
70.82	3
71.17	4
71.52	1
71.87	2
72.22	3
72.56	4
72.91	1
73.27	2
73.62	3
73.97	4
74.31	1
74.66	2
75.01	3
75.34	4
75.71	1
76.06	2
76.4	3
76.75	4
77.11	1
77.46	2
77.8	3
78.15	4
78.5	1
78.85	2
79.2	3
79.54	4
79.89	1
80.25	2
80.59	3
80.93	4
81.29	1
81.64	2
81.98	3
82.33	4
82.68	1
83.03	2
83.38	3
83.72	4
84.08	1
84.43	2
84.77	3
85.12	4
85.47	1
85.82	2
86.16	3
86.51	4
86.87	1
87.22	2
87.57	3
87.92	4
88.26	1
88.61	2
88.96	3
89.31	4
89.65	1
90.01	2
90.37	3
90.7	4
91.06	1
91.4	2
91.75	3
92.09	4
92.45	1
92.8	2
93.15	3
93.49	4
93.84	1
94.18	2
94.55	3
94.89	4
95.24	1
95.59	2
95.94	3
96.28	4
96.62	1
96.99	2
97.32	3
97.67	4
98.03	1
98.38	2
98.74	3
99.08	4
99.43	1
99.77	2
100.13	3
100.47	4
100.83	1
101.18	2
101.52	3
101.86	4
102.21	1
102.57	2
102.91	3
103.26	4
103.61	1
103.96	2
104.31	3
104.66	4
105.02	1
105.36	2
105.7	3
106.05	4
106.41	1
106.75	2
107.1	3
107.46	4
107.79	1
108.15	2
108.5	3
108.84	4
109.18	1
109.54	2
109.89	3
110.24	4
110.58	1
110.94	2
111.28	3
111.63	4
111.99	1
112.33	2
112.68	3
113.02	4
113.38	1
113.73	2
114.08	3
114.42	4
114.79	1
115.13	2
115.47	3
115.82	4
116.17	1
116.52	2
116.85	3
117.2	4
117.57	1
117.92	2
118.27	3
118.61	4
118.96	1
119.31	2
119.66	3
120.0	4
120.36	1
120.7	2
121.05	3
121.4	4
121.76	1
122.1	2
122.45	3
122.79	4
123.15	1
123.5	2
123.85	3
124.2	4
124.54	1
124.89	2
125.24	3
125.58	4
125.93	1
126.29	2
126.63	3
126.98	4
127.34	1
127.68	2
128.03	3
128.38	4
128.73	1
129.08	2
129.43	3
129.78	4
130.12	1
130.48	2
130.83	3
131.17	4
131.52	1
131.87	2
132.22	3
132.57	4
132.92	1
133.26	2
133.6	3
133.96	4
134.31	1
134.66	2
135.01	3
135.35	4
135.71	1
136.06	2
136.4	3
136.75	4
137.09	1
137.45	2
137.8	3
138.15	4
138.49	1
138.85	2
139.19	3
139.54	4
139.89	1
140.24	2
140.59	3
140.94	4
141.28	1
141.64	2
141.99	3
142.33	4
142.69	1
143.03	2
143.38	3
143.73	4
144.08	1
144.43	2
144.78	3
145.12	4
145.48	1
145.82	2
146.17	3
146.53	4
146.87	1
147.22	2
147.57	3
147.9	4
148.25	1
148.62	2
148.96	3
149.32	4
149.66	1
150.01	2
150.36	3
150.7	4
151.06	1
151.4	2
151.75	3
152.08	4
152.45	1
152.8	2
153.15	3
153.49	4
153.83	1
154.19	2
154.55	3
154.89	4
155.24	1
155.58	2
155.94	3
156.29	4
156.64	1
156.97	2
157.33	3
157.68	4
158.03	1
158.39	2
158.73	3
159.07	4
159.43	1
159.78	2
160.12	3
160.47	4
160.82	1
161.17	2
161.52	3
161.86	4
162.22	1
162.57	2
162.91	3
163.26	4
163.61	1
163.96	2
164.32	3
164.64	4
165.01	1
165.36	2
165.7	3
166.05	4
166.4	1
166.74	2
167.1	3
167.45	4
167.8	1
168.14	2
168.49	3
168.83	4
169.19	1
169.54	2
169.89	3
170.23	4
170.59	1
170.94	2
171.29	3
171.63	4
171.98	1
172.33	2
172.68	3
173.03	4
173.38	1
173.73	2
174.08	3
174.42	4
174.77	1
175.13	2
175.48	3
175.82	4
176.18	1
176.52	2
176.87	3
177.22	4
177.57	1
177.92	2
178.2	3
178.48	4
178.76	1
179.03	2
179.32	3
179.66	4
180.0	1
180.35	2
180.71	3
181.05	4
181.4	1
181.75	2
182.1	3
182.45	4
182.8	1
183.15	2
183.5	3
183.83	4
184.18	1
184.54	2
184.89	3
185.24	4
185.58	1
185.93	2
186.29	3
186.65	4
186.97	1
187.32	2
187.68	3
188.03	4
188.38	1
188.73	2
189.08	3
189.43	4
189.77	1
190.13	2
190.48	3
190.82	4
191.16	1
191.52	2
191.87	3
192.22	4
192.56	1
192.92	2
193.27	3
193.61	4
193.96	1
194.32	2
194.66	3
194.99	4
195.34	1
195.71	2
196.06	3
196.4	4
196.75	1
197.1	2
197.45	3
197.8	4
198.14	1
198.5	2
198.84	3
199.2	4
199.54	1
199.9	2
200.24	3
200.59	4
200.93	1
201.3	2
201.64	3
201.99	4
202.34	1
202.68	2
203.04	3
203.4	4
203.72	1
204.06	2
204.43	3
204.78	4
205.13	1
205.47	2
205.83	3
206.17	4
206.52	1
206.88	2
207.21	3
207.57	4
207.93	1
208.26	2
208.62	3
208.97	4
209.32	1
209.67	2
210.02	3
210.36	4
210.72	1
211.06	2
211.41	3
211.75	4
212.1	1
212.45	2
212.8	3
213.15	4
213.49	1
213.84	2
214.2	3
214.54	4
214.88	1
215.24	2
215.59	3
215.94	4
216.28	1
216.64	2
216.98	3
217.33	4
217.68	1
218.04	2
218.38	3
218.73	4
219.07	1
219.42	2
219.77	3
220.12	4
220.46	1
220.82	2
221.17	3
221.52	4
221.86	1
222.23	2
222.57	3
222.91	4
223.26	1
223.62	2
223.96	3
224.31	4
224.66	1
225.01	2
225.36	3
225.71	4
226.05	1
226.4	2
226.75	3
227.1	4
227.45	1
227.81	2
228.15	3
228.49	4
228.84	1
229.2	2
229.55	3
229.9	4
230.23	1
230.59	2
230.94	3
231.28	4
231.63	1
231.99	2
232.34	3
232.68	4
233.03	1
233.39	2
233.73	3
234.08	4
