0.38	2
0.82	3
1.29	4
1.75	1
2.21	2
2.67	3
3.12	4
3.6	1
4.05	2
4.51	3
4.98	4
5.45	1
5.9	2
6.36	3
6.82	4
7.28	1
7.75	2
8.21	3
8.67	4
9.12	1
9.58	2
10.05	3
10.52	4
10.97	1
11.44	2
11.9	3
12.36	4
12.83	1
13.29	2
13.75	3
14.21	4
14.67	1
15.13	2
15.59	3
16.05	4
16.51	1
16.98	2
17.44	3
17.91	4
18.37	1
18.82	2
19.29	3
19.75	4
20.21	1
20.67	2
21.13	3
21.59	4
22.06	1
22.52	2
22.97	3
23.44	4
23.9	1
24.36	2
24.82	3
25.29	4
25.74	1
26.22	2
26.68	3
27.13	4
27.6	1
28.05	2
28.52	3
28.98	4
29.44	1
29.9	2
30.36	3
30.82	4
31.28	1
31.75	2
32.2	3
32.68	4
33.13	1
33.59	2
34.05	3
34.52	4
34.98	1
35.43	2
35.9	3
36.36	4
36.82	1
37.28	2
37.74	3
38.2	4
38.68	1
39.13	2
39.6	3
40.05	4
40.51	1
40.98	2
41.44	3
41.89	4
42.36	1
42.81	2
43.29	3
43.74	4
44.21	1
44.67	2
45.13	3
45.59	4
46.05	1
46.52	2
46.99	3
47.45	4
47.89	1
48.36	2
48.83	3
49.28	4
49.75	1
50.2	2
50.67	3
51.14	4
51.59	1
52.05	2
52.52	3
52.97	4
53.43	1
53.9	2
54.36	3
54.82	4
55.27	1
55.75	2
56.21	3
56.67	4
57.13	1
57.6	2
58.06	3
58.51	4
58.98	1
59.44	2
59.91	3
60.37	4
60.82	1
61.29	2
61.74	3
62.2	4
62.66	1
63.13	2
63.59	3
64.05	4
64.52	1
64.98	2
65.44	3
65.9	4
66.37	1
66.83	2
67.3	3
67.74	4
68.2	1
68.67	2
69.13	3
69.59	4
70.05	1
70.51	2
70.97	3
71.44	4
71.9	1
72.36	2
72.83	3
73.27	4
73.74	1
74.2	2
74.68	3
75.14	4
75.6	1
76.05	2
76.51	3
76.98	4
77.44	1
77.9	2
78.36	3
78.82	4
79.29	1
79.75	2
80.21	3
80.67	4
81.14	1
81.6	2
82.05	3
82.52	4
82.97	1
83.44	2
83.91	3
84.36	4
84.82	1
85.29	2
85.75	3
86.21	4
86.67	1
87.14	2
87.59	3
88.06	4
88.52	1
88.98	2
89.44	3
89.91	4
90.35	1
90.83	2
91.27	3
91.75	4
92.21	1
92.67	2
93.13	3
93.6	4
94.06	1
94.52	2
94.99	3
95.44	4
95.9	1
96.36	2
96.82	3
97.28	4
97.75	1
98.21	2
98.67	3
99.13	4
99.59	1
100.05	2
100.52	3
100.98	4
101.45	1
101.9	2
102.37	3
102.83	4
103.28	1
103.75	2
104.21	3
104.68	4
105.13	1
105.59	2
106.06	3
106.51	4
106.98	1
107.44	2
107.9	3
108.36	4
108.83	1
109.28	2
109.75	3
110.21	4
110.67	1
111.13	2
111.59	3
112.05	4
112.52	1
112.98	2
113.45	3
113.91	4
114.36	1
114.82	2
115.29	3
115.75	4
116.21	1
116.67	2
117.13	3
117.59	4
118.05	1
118.52	2
118.99	3
119.44	4
119.89	1
120.36	2
120.82	3
121.27	4
121.74	1
122.19	2
122.67	3
123.13	4
123.59	1
124.06	2
124.52	3
124.99	4
125.44	1
125.9	2
126.36	3
126.82	4
127.28	1
127.75	2
128.19	3
128.65	4
129.12	1
129.57	2
130.04	3
130.52	4
130.97	1
131.44	2
131.9	3
132.36	4
132.83	1
133.28	2
133.73	3
134.21	4
134.67	1
135.13	2
135.59	3
136.06	4
136.52	1
136.97	2
137.44	3
137.89	4
138.36	1
138.82	2
139.28	3
139.75	4
140.21	1
140.67	2
141.13	3
141.59	4
142.06	1
142.51	2
142.98	3
143.45	4
143.9	1
144.36	2
144.82	3
145.29	4
145.75	1
146.22	2
146.67	3
147.13	4
147.59	1
148.05	2
148.5	3
148.97	4
149.43	1
149.91	2
150.37	3
150.83	4
151.28	1
151.74	2
152.21	3
152.68	4
153.13	1
153.59	2
154.06	3
154.52	4
154.98	1
155.44	2
155.9	3
156.37	4
156.82	1
157.29	2
157.75	3
158.21	4
158.67	1
159.13	2
159.59	3
160.06	4
160.52	1
160.99	2
161.44	3
161.9	4
162.36	1
162.83	2
163.28	3
163.75	4
164.21	1
164.67	2
165.13	3
165.6	4
166.05	1
166.52	2
166.98	3
167.44	4
167.9	1
168.36	2
168.82	3
169.28	4
169.74	1
170.2	2
170.67	3
171.13	4
171.59	1
172.06	2
172.52	3
172.98	4
173.44	1
173.9	2
174.38	3
174.83	4
175.28	1
175.75	2
176.21	3
176.66	4
177.13	1
177.59	2
178.04	3
178.52	4
178.98	1
179.44	2
179.9	3
180.35	4
180.82	1
181.28	2
181.74	3
182.21	4
182.68	1
183.14	2
183.6	3
184.06	4
184.52	1
184.98	2
185.44	3
185.89	4
186.37	1
186.83	2
187.29	3
187.75	4
188.22	1
188.68	2
189.12	3
189.59	4
190.06	1
190.52	2
190.98	3
191.45	4
191.9	1
192.36	2
192.82	3
193.29	4
193.76	1
194.22	2
194.67	3
195.14	4
195.59	1
196.06	2
196.5	3
196.97	4
197.43	1
197.9	2
198.38	3
198.83	4
199.3	1
199.74	2
200.21	3
200.67	4
201.13	1
201.59	2
202.06	3
202.52	4
202.98	1
203.44	2
203.9	3
204.37	4
204.83	1
205.28	2
205.74	3
206.21	4
206.68	1
207.13	2
207.59	3
208.06	4
208.52	1
208.98	2
209.44	3
209.9	4
210.36	1
210.82	2
211.28	3
211.75	4
212.21	1
212.67	2
213.13	3
213.59	4
214.05	1
214.52	2
214.98	3
215.45	4
215.9	1
216.37	2
216.83	3
217.29	4
217.74	1
218.21	2
218.67	3
219.13	4
219.59	1
220.05	2
220.52	3
220.98	4
221.44	1
221.9	2
222.36	3
222.83	4
223.29	1
223.75	2
224.21	3
224.67	4
225.12	1
225.59	2
226.05	3
226.52	4
226.98	1
227.44	2
227.9	3
228.37	4
228.82	1
229.28	2
229.74	3
230.22	4
230.69	1
231.14	2
231.64	3
232.11	4
232.6	1
233.06	2
233.56	3
234.02	4
234.52	1
234.99	2
235.46	3
235.96	4
236.42	1
236.92	2
237.38	3
237.86	4
238.34	1
238.84	2
239.32	3
239.8	4
