0.14	2
0.62	3
1.11	4
1.6	1
2.07	2
2.55	3
3.02	4
3.5	1
3.97	2
4.45	3
4.94	4
5.41	1
5.9	2
6.37	3
6.83	4
7.3	1
7.77	2
8.25	3
8.73	4
9.2	1
9.68	2
10.16	3
10.63	4
11.1	1
11.58	2
12.05	3
12.54	4
13.02	1
13.49	2
13.97	3
14.46	4
14.94	1
15.41	2
15.89	3
16.37	4
16.85	1
17.3	2
17.77	3
18.26	4
18.71	1
19.2	2
19.68	3
20.15	4
20.63	1
21.11	2
21.59	3
22.06	4
22.53	1
23.01	2
23.49	3
23.96	4
24.46	1
24.93	2
25.4	3
25.87	4
26.36	1
26.82	2
27.29	3
27.77	4
28.25	1
28.73	2
29.2	3
29.68	4
30.17	1
30.62	2
31.09	3
31.57	4
32.07	1
32.53	2
33.01	3
33.46	4
33.94	1
34.43	2
34.91	3
35.39	4
35.86	1
36.33	2
36.81	3
37.29	4
37.77	1
38.24	2
38.72	3
39.19	4
39.68	1
40.14	2
40.61	3
41.09	4
41.57	1
42.05	2
42.53	3
43.0	4
43.5	1
43.97	2
44.44	3
44.93	4
45.4	1
45.87	2
46.34	3
46.81	4
47.3	1
47.77	2
48.25	3
48.73	4
49.21	1
49.68	2
50.16	3
50.63	4
51.11	1
51.59	2
52.05	3
52.53	4
53.01	1
53.49	2
53.97	3
54.45	4
54.92	1
55.38	2
55.86	3
56.33	4
56.81	1
57.27	2
57.75	3
58.24	4
58.71	1
59.19	2
59.67	3
60.15	4
60.62	1
61.12	2
61.58	3
62.07	4
62.55	1
63.03	2
63.5	3
63.96	4
64.45	1
64.9	2
65.39	3
65.88	4
66.34	1
66.82	2
67.3	3
67.79	4
68.25	1
68.72	2
69.19	3
69.67	4
70.14	1
70.61	2
71.08	3
71.56	4
72.03	1
72.51	2
72.99	3
73.47	4
73.96	1
74.45	2
74.9	3
75.39	4
75.85	1
76.33	2
76.8	3
77.28	4
77.75	1
78.23	2
78.7	3
79.19	4
79.67	1
80.13	2
80.61	3
81.09	4
81.56	1
82.05	2
82.52	3
83.0	4
83.47	1
83.95	2
84.43	3
84.91	4
85.37	1
85.86	2
86.33	3
86.8	4
87.28	1
87.75	2
88.22	3
88.71	4
89.18	1
89.65	2
90.14	3
90.61	4
91.09	1
91.56	2
92.04	3
92.54	4
93.01	1
93.48	2
93.98	3
94.44	4
94.94	1
95.41	2
95.87	3
96.33	4
96.81	1
97.29	2
97.76	3
98.24	4
98.71	1
99.2	2
99.69	3
100.16	4
100.63	1
101.11	2
101.57	3
102.04	4
102.53	1
102.98	2
103.45	3
103.95	4
104.43	1
104.89	2
105.37	3
105.85	4
106.33	1
106.82	2
107.29	3
107.77	4
108.24	1
108.7	2
109.17	3
109.65	4
110.14	1
110.62	2
111.11	3
111.58	4
112.06	1
112.52	2
112.99	3
113.48	4
113.93	1
114.42	2
114.9	3
115.37	4
115.85	1
116.32	2
116.8	3
117.27	4
117.73	1
118.21	2
118.68	3
119.17	4
119.65	1
120.13	2
120.61	3
121.09	4
121.57	1
122.04	2
122.51	3
122.98	4
123.47	1
123.94	2
124.41	3
124.88	4
125.38	1
125.84	2
126.32	3
126.82	4
127.29	1
127.75	2
128.22	3
128.7	4
129.17	1
129.65	2
130.13	3
130.61	4
131.09	1
131.56	2
132.04	3
132.52	4
132.98	1
133.46	2
133.93	3
134.41	4
134.89	1
135.36	2
135.84	3
136.31	4
136.8	1
137.27	2
137.75	3
138.21	4
138.7	1
139.19	2
139.65	3
140.13	4
140.61	1
141.09	2
141.59	3
142.04	4
142.53	1
142.98	2
143.45	3
143.95	4
144.42	1
144.89	2
145.38	3
145.85	4
146.33	1
146.8	2
147.27	3
147.75	4
148.23	1
148.71	2
149.2	3
149.68	4
150.14	1
150.63	2
151.09	3
151.56	4
152.03	1
152.5	2
152.98	3
153.46	4
153.94	1
154.41	2
154.9	3
155.37	4
155.86	1
156.32	2
156.8	3
157.27	4
157.75	1
158.23	2
158.71	3
159.19	4
159.65	1
160.13	2
160.61	3
161.1	4
161.56	1
162.04	2
162.51	3
162.99	4
163.46	1
163.95	2
164.42	3
164.89	4
165.37	1
165.84	2
166.31	3
166.8	4
167.27	1
167.74	2
168.2	3
168.69	4
169.17	1
169.64	2
170.12	3
170.61	4
171.1	1
171.56	2
172.02	3
172.5	4
172.96	1
173.45	2
173.92	3
174.41	4
174.88	1
175.37	2
175.83	3
176.32	4
176.79	1
177.26	2
177.74	3
178.21	4
178.68	1
179.17	2
179.64	3
180.13	4
180.61	1
181.08	2
181.55	3
182.03	4
182.5	1
182.97	2
183.44	3
183.92	4
184.41	1
184.87	2
185.35	3
185.84	4
186.32	1
186.81	2
187.27	3
187.76	4
188.22	1
188.71	2
189.18	3
189.64	4
190.13	1
190.6	2
191.07	3
191.55	4
192.03	1
192.5	2
192.99	3
193.45	4
193.93	1
194.42	2
194.88	3
195.38	4
195.84	1
196.31	2
196.77	3
197.25	4
197.75	1
198.23	2
198.69	3
199.18	4
199.65	1
200.13	2
200.6	3
201.07	4
201.55	1
202.02	2
202.5	3
202.97	4
203.44	1
203.93	2
204.4	3
204.87	4
205.34	1
205.81	2
206.3	3
206.78	4
207.26	1
207.75	2
208.22	3
208.7	4
209.17	1
209.64	2
210.1	3
210.59	4
211.05	1
211.54	2
212.02	3
212.5	4
212.97	1
213.44	2
213.92	3
214.4	4
214.87	1
215.35	2
215.81	3
216.3	4
216.78	1
217.25	2
217.75	3
218.21	4
218.7	1
219.17	2
219.63	3
220.11	4
220.6	1
221.07	2
221.56	3
222.05	4
222.52	1
222.98	2
223.46	3
223.92	4
224.4	1
224.89	2
225.35	3
225.85	4
226.31	1
226.79	2
227.25	3
227.72	4
228.2	1
228.68	2
229.17	3
229.64	4
230.12	1
230.59	2
231.06	3
231.55	4
232.02	1
232.49	2
232.98	3
233.45	4
233.93	1
234.4	2
234.88	3
235.35	4
235.83	1
236.3	2
