15.52	4
16.0	1
16.48	2
16.97	3
17.45	4
17.93	1
18.41	2
18.9	3
19.38	4
19.86	1
20.34	2
20.83	3
21.32	4
21.81	1
22.28	2
22.77	3
23.25	4
23.74	1
24.21	2
24.71	3
25.19	4
25.67	1
26.15	2
26.64	3
27.12	4
27.61	1
28.09	2
28.58	3
29.06	4
29.55	1
30.02	2
30.51	3
30.99	4
31.48	1
31.96	2
32.45	3
32.93	4
33.42	1
33.9	2
34.39	3
34.86	4
35.35	1
35.83	2
36.32	3
36.8	4
37.29	1
37.77	2
38.25	3
38.74	4
39.21	1
39.7	2
40.2	3
40.68	4
41.16	1
41.64	2
42.13	3
42.61	4
43.09	1
43.57	2
44.06	3
44.54	4
45.03	1
45.51	2
45.99	3
46.48	4
46.97	1
47.44	2
47.93	3
48.42	4
48.9	1
49.38	2
49.87	3
50.35	4
50.83	1
51.31	2
51.81	3
52.28	4
52.77	1
53.25	2
53.73	3
54.22	4
54.71	1
55.18	2
55.68	3
56.16	4
56.63	1
57.12	2
57.61	3
58.09	4
58.57	1
59.05	2
59.55	3
60.01	4
60.51	1
60.99	2
61.48	3
61.96	4
62.45	1
62.92	2
63.41	3
63.9	4
64.38	1
64.86	2
65.34	3
65.83	4
66.31	1
66.8	2
67.29	3
67.77	4
68.26	1
68.73	2
69.22	3
69.7	4
70.19	1
70.67	2
71.16	3
71.64	4
72.12	1
72.61	2
73.1	3
73.57	4
74.06	1
74.54	2
75.03	3
75.51	4
76.0	1
76.47	2
76.96	3
77.45	4
77.94	1
78.42	2
78.89	3
79.39	4
79.87	1
80.35	2
80.83	3
81.32	4
81.8	1
82.28	2
82.77	3
83.25	4
83.74	1
84.22	2
84.7	3
85.18	4
85.69	1
86.15	2
86.64	3
87.13	4
87.6	1
88.08	2
88.58	3
89.06	4
89.54	1
90.02	2
90.51	3
90.99	4
91.48	1
91.96	2
92.45	3
92.93	4
93.41	1
93.9	2
94.38	3
94.87	4
95.35	1
95.83	2
96.32	3
96.8	4
97.28	1
97.77	2
98.26	3
98.74	4
99.22	1
99.7	2
100.19	3
100.67	4
101.16	1
101.64	2
102.13	3
102.61	4
103.09	1
103.57	2
104.06	3
104.54	4
105.02	1
105.51	2
106.0	3
106.48	4
106.97	1
107.44	2
107.93	3
108.42	4
108.9	1
109.38	2
109.86	3
110.35	4
110.83	1
111.31	2
111.8	3
112.28	4
112.77	1
113.25	2
113.74	3
114.22	4
114.7	1
115.18	2
115.67	3
116.16	4
116.65	1
117.12	2
117.61	3
118.1	4
118.58	1
119.06	2
119.55	3
120.02	4
120.51	1
120.99	2
121.48	3
121.96	4
122.45	1
122.93	2
123.41	3
123.9	4
124.38	1
124.86	2
125.35	3
125.84	4
126.31	1
126.8	2
127.29	3
127.77	4
128.25	1
128.74	2
129.22	3
129.7	4
130.2	1
130.67	2
131.16	3
131.63	4
132.11	1
132.6	2
133.09	3
133.58	4
134.06	1
134.54	2
135.03	3
135.51	4
135.99	1
136.48	2
136.97	3
137.45	4
137.94	1
138.41	2
138.9	3
139.38	4
139.87	1
140.35	2
140.83	3
141.32	4
141.8	1
142.28	2
142.76	3
143.25	4
143.74	1
144.22	2
144.68	3
145.19	4
145.68	1
146.15	2
146.64	3
147.12	4
147.61	1
148.09	2
148.58	3
149.06	4
149.54	1
150.02	2
150.51	3
151.0	4
151.48	1
151.96	2
152.45	3
152.93	4
153.42	1
153.89	2
154.38	3
154.87	4
155.35	1
155.83	2
156.32	3
156.8	4
157.29	1
157.77	2
158.26	3
158.74	4
159.22	1
159.7	2
160.19	3
160.67	4
161.16	1
161.64	2
162.12	3
162.61	4
163.1	1
163.57	2
164.06	3
164.54	4
165.02	1
165.51	2
166.0	3
166.47	4
166.96	1
167.44	2
167.93	3
168.41	4
168.9	1
169.37	2
169.85	3
170.35	4
170.83	1
171.31	2
171.8	3
172.29	4
172.77	1
173.25	2
173.74	3
174.22	4
174.7	1
175.18	2
175.68	3
176.16	4
176.64	1
177.12	2
177.61	3
178.09	4
178.58	1
179.06	2
179.54	3
180.03	4
180.51	1
180.99	2
181.48	3
181.96	4
182.44	1
182.93	2
183.42	3
183.9	4
184.38	1
184.86	2
185.35	3
185.83	4
186.32	1
186.8	2
187.28	3
187.77	4
188.25	1
188.73	2
189.22	3
189.7	4
190.19	1
190.67	2
191.16	3
191.64	4
192.12	1
192.6	2
193.09	3
193.58	4
194.06	1
194.54	2
195.03	3
195.51	4
195.99	1
196.48	2
196.97	3
197.45	4
197.93	1
198.41	2
198.88	3
199.38	4
199.87	1
200.35	2
200.83	3
201.31	4
201.78	1
202.28	2
202.78	3
203.26	4
203.74	1
204.22	2
204.71	3
205.19	4
205.67	1
206.15	2
206.64	3
207.12	4
207.62	1
208.08	2
208.57	3
209.05	4
209.54	1
210.02	2
210.51	3
211.0	4
211.48	1
211.96	2
212.45	3
212.93	4
213.42	1
213.89	2
214.38	3
214.86	4
215.35	1
215.83	2
216.32	3
216.8	4
217.27	1
217.76	2
218.25	3
218.74	4
219.22	1
219.7	2
220.19	3
220.67	4
221.15	1
221.63	2
222.13	3
222.61	4
223.1	1
223.57	2
224.06	3
224.55	4
225.03	1
225.51	2
226.0	3
226.48	4
226.96	1
227.44	2
227.93	3
228.42	4
228.9	1
229.38	2
229.85	3
230.35	4
230.84	1
231.31	2
231.8	3
232.28	4
232.77	1
233.25	2
233.74	3
234.23	4
234.7	1
235.18	2
235.68	3
236.15	4
236.64	1
237.12	2
237.61	3
238.09	4
238.58	1
239.05	2
239.54	3
240.03	4
240.49	1
240.99	2
241.48	3
241.96	4
242.45	1
242.93	2
243.41	3
243.9	4
244.38	1
244.86	2
245.35	3
245.84	4
246.32	1
246.8	2
247.28	3
247.77	4
248.24	1
248.73	2
249.22	3
249.71	4
250.19	1
250.67	2
251.16	3
251.64	4
252.12	1
252.6	2
253.08	3
253.57	4
254.06	1
254.53	2
255.02	3
255.51	4
256.0	1
256.49	2
256.96	3
257.45	4
257.93	1
258.42	2
258.89	3
259.38	4
259.87	1
260.36	2
260.83	3
261.33	4
261.8	1
262.28	2
262.77	3
263.24	4
263.74	1
264.22	2
264.7	3
265.19	4
265.65	1
266.15	2
266.64	3
267.12	4
267.61	1
268.09	2
268.57	3
269.06	4
269.54	1
270.02	2
270.51	3
270.99	4
271.48	1
271.96	2
272.44	3
272.93	4
273.41	1
273.89	2
274.39	3
274.86	4
275.35	1
275.83	2
276.32	3
276.8	4
277.29	1
277.76	2
278.25	3
278.74	4
279.22	1
279.7	2
280.19	3
280.67	4
281.16	1
281.63	2
282.13	3
282.61	4
283.09	1
283.57	2
284.06	3
284.54	4
285.03	1
285.5	2
285.99	3
286.48	4
286.96	1
287.44	2
287.93	3
288.41	4
288.9	1
289.38	2
289.87	3
290.35	4
290.83	1
291.31	2
291.8	3
292.28	4
292.77	1
293.24	2
293.73	3
294.22	4
294.71	1
295.18	2
295.68	3
296.16	4
296.64	1
297.12	2
297.61	3
298.09	4
298.57	1
299.06	2
299.54	3
300.03	4
300.51	1
301.0	2
301.48	3
301.96	4
302.45	1
302.93	2
303.42	3
303.9	4
304.37	1
304.87	2
305.35	3
305.84	4
306.32	1
306.8	2
307.29	3
307.77	4
308.26	1
308.74	2
309.22	3
309.7	4
310.19	1
310.67	2
311.16	3
311.64	4
312.12	1
312.6	2
313.09	3
313.57	4
314.06	1
314.54	2
315.03	3
315.51	4
316.0	1
316.48	2
316.96	3
317.44	4
317.94	1
318.41	2
318.89	3
319.38	4
319.85	1
320.35	2
320.83	3
321.31	4
321.8	1
322.28	2
322.77	3
323.25	4
323.74	1
324.22	2
324.7	3
325.19	4
325.67	1
326.15	2
326.64	3
327.13	4
327.61	1
328.09	2
328.57	3
329.06	4
329.54	1
330.02	2
330.5	3
331.01	4
331.5	1
331.98	2
332.46	3
332.94	4
333.41	1
333.88	2
334.38	3
334.84	4
335.34	1
335.83	2
336.32	3
336.82	4
337.31	1
337.79	2
338.26	3
338.75	4
339.22	1
339.7	2
340.19	3
340.67	4
341.16	1
341.64	2
342.12	3
342.58	4
343.06	1
343.54	2
344.03	3
344.52	4
344.98	1
345.46	2
345.96	3
346.42	4
346.9	1
347.39	2
347.86	3
348.36	4
348.83	1
349.32	2
349.78	3
350.26	4
350.74	1
351.23	2
351.71	3
352.2	4
352.68	1
353.15	2
353.62	3
354.12	4
354.58	1
355.08	2
355.55	3
356.03	4
356.5	1
356.98	2
357.46	3
357.94	4
358.43	1
358.92	2
359.38	3
359.86	4
360.36	1
