0.05	2
0.36	3
0.66	4
0.97	1
1.29	2
1.59	3
1.91	4
2.21	1
2.52	2
2.84	3
3.14	4
3.45	1
3.76	2
4.07	3
4.36	4
4.66	1
4.97	2
5.26	3
5.56	4
5.88	1
6.19	2
6.49	3
6.81	4
7.11	1
7.42	2
7.74	3
8.04	4
8.35	1
8.66	2
8.95	3
9.25	4
9.56	1
9.85	2
10.17	3
10.47	4
10.78	1
11.09	2
11.39	3
11.69	4
11.99	1
12.3	2
12.61	3
12.91	4
13.23	1
13.54	2
13.84	3
14.14	4
14.45	1
14.76	2
15.06	3
15.37	4
15.68	1
15.99	2
16.29	3
16.59	4
16.89	1
17.2	2
17.51	3
17.81	4
18.12	1
18.44	2
18.73	3
19.04	4
19.35	1
19.65	2
19.96	3
20.27	4
20.58	1
20.89	2
21.19	3
21.49	4
21.79	1
22.09	2
22.4	3
22.71	4
23.02	1
23.33	2
23.63	3
23.94	4
24.25	1
24.55	2
24.86	3
25.17	4
25.47	1
25.78	2
26.08	3
26.39	4
26.68	1
26.99	2
27.3	3
27.6	4
27.92	1
28.23	2
28.53	3
28.84	4
29.14	1
29.44	2
29.76	3
30.07	4
30.38	1
30.69	2
30.99	3
31.29	4
31.58	1
31.89	2
32.2	3
32.5	4
32.82	1
33.13	2
33.43	3
33.73	4
34.03	1
34.35	2
34.65	3
34.96	4
35.28	1
35.58	2
35.88	3
36.18	4
36.47	1
36.79	2
37.1	3
37.4	4
37.72	1
38.03	2
38.32	3
38.63	4
38.94	1
39.24	2
39.55	3
39.86	4
40.18	1
40.48	2
40.78	3
41.09	4
41.38	1
41.69	2
41.99	3
42.3	4
42.62	1
42.93	2
43.22	3
43.53	4
43.82	1
44.14	2
44.45	3
44.76	4
45.07	1
45.37	2
45.68	3
45.98	4
46.29	1
46.58	2
46.89	3
47.19	4
47.51	1
47.82	2
48.12	3
48.43	4
48.74	1
49.04	2
49.35	3
49.66	4
49.96	1
50.27	2
50.58	3
50.87	4
51.17	1
51.48	2
51.79	3
52.09	4
52.41	1
52.72	2
53.02	3
53.33	4
53.63	1
53.93	2
54.25	3
54.55	4
54.87	1
55.18	2
55.47	3
55.77	4
56.07	1
56.38	2
56.69	3
56.99	4
57.31	1
57.62	2
57.91	3
58.22	4
58.53	1
58.83	2
59.14	3
59.45	4
59.77	1
60.07	2
60.37	3
60.67	4
60.97	1
61.28	2
61.58	3
61.89	4
62.21	1
62.51	2
62.81	3
63.12	4
63.43	1
63.73	2
64.04	3
64.35	4
64.66	1
64.97	2
65.27	3
65.57	4
65.86	1
66.17	2
66.49	3
66.79	4
67.11	1
67.42	2
67.71	3
68.02	4
68.31	1
68.63	2
68.94	3
69.25	4
69.56	1
69.87	2
70.17	3
70.47	4
70.78	1
71.08	2
71.39	3
71.69	4
72.01	1
72.32	2
72.61	3
72.92	4
73.22	1
73.52	2
73.84	3
74.15	4
74.45	1
74.77	2
75.07	3
75.37	4
75.68	1
75.97	2
76.28	3
76.57	4
76.89	1
77.2	2
77.51	3
77.82	4
78.13	1
78.43	2
78.74	3
79.05	4
79.36	1
79.67	2
79.97	3
80.28	4
80.57	1
80.87	2
81.18	3
81.48	4
81.79	1
82.09	2
82.41	3
82.72	4
83.03	1
83.33	2
83.64	3
83.95	4
84.26	1
84.56	2
84.85	3
85.16	4
85.45	1
85.76	2
86.08	3
86.38	4
86.7	1
87.0	2
87.3	3
87.61	4
87.92	1
88.22	2
88.54	3
88.84	4
89.16	1
89.46	2
89.76	3
90.06	4
90.35	1
90.66	2
90.98	3
91.28	4
91.6	1
91.9	2
92.2	3
92.51	4
92.81	1
93.12	2
93.44	3
93.74	4
94.06	1
94.35	2
94.66	3
94.96	4
95.25	1
95.56	2
95.87	3
96.18	4
96.49	1
96.79	2
97.1	3
97.41	4
97.71	1
98.01	2
98.32	3
98.64	4
98.95	1
99.26	2
99.56	3
99.86	4
100.15	1
100.46	2
100.77	3
101.07	4
101.39	1
101.7	2
102.0	3
102.31	4
102.62	1
102.91	2
103.23	3
103.53	4
103.85	1
104.15	2
104.45	3
104.75	4
105.05	1
105.36	2
105.67	3
105.97	4
106.28	1
106.6	2
106.9	3
107.2	4
107.5	1
107.81	2
108.12	3
108.43	4
108.75	1
109.05	2
109.36	3
109.66	4
109.95	1
110.26	2
110.56	3
110.87	4
111.19	1
111.5	2
111.79	3
112.1	4
112.4	1
112.71	2
113.02	3
113.33	4
113.65	1
113.94	2
114.25	3
114.55	4
114.84	1
115.15	2
115.47	3
115.77	4
116.09	1
116.39	2
116.69	3
117.0	4
117.3	1
117.61	2
117.92	3
118.22	4
118.54	1
118.85	2
119.15	3
119.46	4
119.76	1
120.05	2
120.36	3
120.66	4
120.98	1
121.29	2
121.59	3
121.9	4
122.21	1
122.51	2
122.82	3
123.12	4
123.43	1
123.75	2
124.04	3
124.34	4
124.64	1
124.95	2
125.26	3
125.56	4
125.88	1
126.18	2
126.49	3
126.79	4
127.1	1
127.41	2
127.72	3
128.02	4
128.34	1
128.64	2
128.94	3
129.24	4
129.54	1
129.85	2
130.16	3
130.46	4
130.78	1
131.09	2
131.39	3
131.69	4
132.0	1
132.3	2
132.61	3
132.92	4
133.24	1
133.54	2
133.84	3
134.14	4
134.44	1
134.75	2
135.06	3
135.36	4
135.67	1
135.99	2
136.28	3
136.59	4
136.88	1
137.2	2
137.5	3
137.82	4
138.13	1
138.44	2
138.75	3
139.04	4
139.35	1
139.65	2
139.96	3
140.26	4
140.58	1
140.88	2
141.18	3
141.49	4
141.8	1
142.1	2
142.42	3
142.72	4
143.04	1
143.35	2
143.65	3
143.94	4
144.25	1
144.54	2
144.85	3
145.15	4
145.46	1
145.78	2
146.08	3
146.39	4
146.69	1
147.0	2
147.3	3
147.61	4
147.93	1
148.24	2
148.54	3
148.84	4
149.14	1
149.44	2
149.75	3
150.05	4
150.37	1
150.67	2
150.98	3
151.29	4
151.59	1
151.9	2
152.2	3
152.51	4
152.83	1
153.13	2
153.43	3
153.73	4
154.03	1
154.34	2
154.65	3
154.95	4
155.27	1
155.58	2
155.88	3
156.18	4
156.48	1
156.79	2
157.11	3
157.41	4
157.73	1
158.03	2
158.34	3
158.64	4
158.94	1
159.24	2
159.55	3
159.84	4
160.15	1
160.45	2
160.77	3
161.08	4
161.39	1
161.69	2
162.01	3
162.31	4
162.62	1
162.93	2
163.23	3
163.53	4
163.83	1
164.14	2
164.45	3
164.75	4
165.06	1
165.37	2
165.67	3
165.98	4
166.28	1
166.59	2
166.9	3
167.2	4
167.51	1
167.83	2
168.13	3
168.44	4
168.74	1
169.04	2
169.34	3
169.65	4
169.96	1
170.26	2
170.57	3
170.88	4
171.19	1
171.49	2
171.79	3
172.1	4
172.41	1
172.72	2
173.03	3
173.33	4
173.63	1
173.92	2
174.24	3
174.54	4
174.86	1
175.16	2
175.47	3
175.78	4
176.08	1
176.38	2
176.7	3
177.0	4
177.32	1
177.62	2
177.92	3
178.22	4
178.52	1
178.82	2
179.13	3
179.44	4
179.75	1
180.06	2
180.37	3
180.68	4
180.98	1
181.29	2
181.6	3
181.91	4
182.22	1
182.52	2
182.83	3
183.12	4
183.43	1
183.73	2
184.04	3
184.34	4
184.66	1
184.97	2
185.26	3
185.57	4
185.87	1
186.18	2
186.49	3
186.8	4
187.11	1
187.41	2
187.72	3
188.02	4
188.31	1
188.62	2
188.93	3
189.23	4
189.55	1
189.85	2
190.16	3
190.47	4
190.78	1
191.08	2
191.39	3
191.7	4
192.02	1
192.31	2
192.62	3
192.92	4
193.21	1
193.52	2
193.84	3
194.14	4
194.45	1
194.76	2
195.06	3
