0.02	4
0.37	1
0.71	2
1.06	3
1.4	4
1.73	1
2.07	2
2.42	3
2.76	4
3.1	1
3.44	2
3.78	3
4.13	4
4.46	1
4.8	2
5.14	3
5.48	4
5.82	1
6.16	2
6.5	3
6.85	4
7.19	1
7.53	2
7.87	3
8.21	4
8.56	1
8.89	2
9.23	3
9.58	4
9.9	1
10.24	2
10.6	3
10.93	4
11.28	1
11.61	2
11.96	3
12.29	4
12.64	1
12.98	2
13.32	3
13.66	4
14.0	1
14.34	2
14.68	3
15.02	4
15.37	1
15.7	2
16.04	3
16.38	4
16.73	1
17.07	2
17.41	3
17.75	4
18.09	1
18.43	2
18.77	3
19.11	4
19.44	1
19.78	2
20.13	3
20.46	4
20.81	1
21.15	2
21.5	3
21.84	4
22.17	1
22.51	2
22.86	3
23.2	4
23.54	1
23.88	2
24.22	3
24.56	4
24.91	1
25.24	2
25.58	3
25.93	4
26.26	1
26.61	2
26.95	3
27.29	4
27.63	1
27.97	2
28.31	3
28.65	4
29.0	1
29.34	2
29.68	3
30.02	4
30.37	1
30.7	2
31.04	3
31.38	4
31.72	1
32.07	2
32.41	3
32.75	4
33.08	1
33.42	2
33.77	3
34.11	4
34.45	1
34.79	2
35.13	3
35.47	4
35.82	1
36.15	2
36.5	3
36.84	4
37.17	1
37.51	2
37.86	3
38.2	4
38.54	1
38.88	2
39.22	3
39.57	4
39.91	1
40.24	2
40.58	3
40.92	4
41.26	1
41.61	2
41.95	3
42.29	4
42.63	1
42.97	2
43.32	3
43.66	4
44.0	1
44.33	2
44.67	3
45.03	4
45.36	1
45.7	2
46.05	3
46.38	4
46.73	1
47.06	2
47.41	3
47.74	4
48.08	1
48.42	2
48.77	3
49.11	4
49.46	1
49.79	2
50.13	3
50.47	4
50.82	1
51.15	2
51.5	3
51.84	4
52.18	1
52.52	2
52.86	3
53.2	4
53.54	1
53.88	2
54.24	3
54.56	4
54.91	1
55.25	2
55.59	3
55.93	4
56.27	1
56.61	2
56.96	3
57.29	4
57.64	1
57.97	2
58.31	3
58.65	4
59.0	1
59.33	2
59.66	3
60.02	4
60.37	1
60.7	2
61.04	3
61.38	4
61.73	1
62.06	2
62.41	3
62.75	4
63.09	1
63.43	2
63.77	3
64.11	4
64.45	1
64.79	2
65.13	3
65.47	4
65.82	1
66.16	2
66.5	3
66.84	4
67.17	1
67.52	2
67.86	3
68.2	4
68.54	1
68.88	2
69.22	3
69.57	4
69.9	1
70.25	2
70.58	3
70.93	4
71.28	1
71.61	2
71.95	3
72.29	4
72.63	1
72.97	2
73.32	3
73.65	4
74.01	1
74.34	2
74.68	3
75.02	4
75.36	1
75.7	2
76.04	3
76.38	4
76.73	1
77.06	2
77.41	3
77.74	4
78.08	1
78.43	2
78.76	3
79.1	4
79.46	1
79.79	2
80.14	3
80.47	4
80.81	1
81.16	2
81.49	3
81.83	4
82.19	1
82.51	2
82.85	3
83.2	4
83.54	1
83.88	2
84.22	3
84.56	4
84.91	1
85.24	2
85.58	3
85.93	4
86.27	1
86.61	2
86.95	3
87.29	4
87.64	1
87.97	2
88.31	3
88.66	4
88.99	1
89.33	2
89.67	3
90.02	4
90.36	1
90.7	2
91.04	3
91.38	4
91.72	1
92.07	2
92.4	3
92.74	4
93.08	1
93.42	2
93.76	3
94.11	4
94.45	1
94.79	2
95.13	3
95.45	4
95.81	1
96.15	2
96.49	3
96.83	4
97.18	1
97.52	2
97.86	3
98.2	4
98.53	1
98.88	2
99.22	3
99.56	4
99.9	1
100.24	2
100.58	3
100.92	4
101.27	1
101.61	2
101.95	3
102.29	4
102.63	1
102.97	2
103.31	3
103.65	4
103.99	1
104.33	2
104.67	3
105.02	4
105.36	1
105.7	2
106.04	3
106.38	4
106.72	1
107.06	2
107.4	3
107.74	4
108.09	1
108.42	2
108.76	3
109.11	4
109.45	1
109.79	2
110.13	3
110.47	4
110.81	1
111.15	2
111.49	3
111.83	4
112.18	1
112.51	2
112.86	3
113.2	4
113.54	1
113.88	2
114.22	3
114.56	4
114.9	1
115.24	2
115.58	3
115.93	4
116.27	1
116.61	2
116.95	3
117.29	4
117.63	1
117.98	2
118.31	3
118.66	4
118.99	1
119.34	2
119.68	3
120.02	4
120.37	1
120.69	2
121.05	3
121.38	4
121.73	1
122.06	2
122.4	3
122.75	4
123.09	1
123.42	2
123.77	3
124.11	4
124.45	1
124.79	2
125.14	3
125.47	4
125.82	1
126.15	2
126.49	3
126.83	4
127.18	1
127.51	2
127.86	3
128.2	4
128.54	1
128.88	2
129.22	3
129.56	4
129.9	1
130.24	2
130.6	3
130.93	4
131.28	1
131.61	2
131.95	3
132.29	4
132.64	1
132.97	2
133.32	3
133.65	4
134.0	1
134.33	2
134.68	3
135.01	4
135.35	1
135.7	2
136.04	3
136.38	4
136.73	1
137.06	2
137.4	3
137.74	4
138.08	1
138.42	2
138.76	3
139.11	4
139.46	1
139.79	2
140.14	3
140.48	4
140.81	1
141.16	2
141.51	3
141.83	4
142.17	1
142.52	2
142.86	3
143.2	4
143.54	1
143.88	2
144.23	3
144.56	4
144.91	1
145.24	2
145.58	3
145.92	4
146.25	1
146.62	2
146.95	3
147.29	4
147.63	1
147.97	2
148.31	3
148.65	4
149.0	1
149.34	2
149.68	3
150.01	4
150.36	1
150.7	2
151.04	3
151.38	4
151.71	1
152.07	2
152.4	3
152.75	4
153.08	1
153.42	2
153.77	3
154.11	4
154.45	1
154.79	2
155.13	3
155.47	4
155.81	1
156.15	2
156.49	3
156.83	4
157.18	1
157.53	2
157.86	3
158.2	4
158.54	1
158.88	2
159.22	3
159.56	4
159.91	1
160.24	2
160.58	3
160.92	4
161.27	1
161.61	2
161.95	3
162.29	4
162.63	1
162.99	2
163.31	3
163.66	4
163.99	1
164.34	2
164.67	3
165.01	4
165.36	1
165.7	2
166.04	3
166.38	4
166.71	1
167.04	2
167.36	3
167.68	4
167.99	1
168.32	2
168.64	3
168.96	4
169.27	1
169.59	2
169.92	3
170.24	4
170.55	1
170.88	2
171.19	3
171.51	4
171.84	1
172.19	2
172.53	3
172.86	4
173.19	1
173.54	2
173.88	3
174.22	4
174.56	1
174.9	2
175.24	3
175.59	4
175.92	1
176.27	2
176.6	3
176.95	4
177.29	1
177.63	2
177.97	3
178.31	4
178.65	1
178.99	2
179.33	3
179.67	4
180.02	1
180.36	2
180.69	3
181.05	4
181.38	1
181.72	2
182.06	3
182.4	4
182.74	1
183.09	2
183.42	3
183.76	4
184.1	1
184.44	2
184.79	3
185.11	4
185.47	1
185.81	2
186.15	3
186.5	4
186.83	1
187.18	2
187.51	3
187.87	4
188.19	1
188.54	2
188.88	3
189.22	4
189.56	1
189.9	2
190.25	3
190.59	4
190.92	1
191.27	2
191.6	3
191.95	4
192.28	1
192.62	2
192.97	3
193.31	4
193.65	1
193.99	2
194.33	3
194.67	4
195.01	1
195.35	2
195.69	3
196.04	4
196.37	1
196.72	2
197.06	3
197.4	4
197.74	1
198.08	2
198.42	3
198.77	4
199.1	1
199.45	2
199.79	3
200.13	4
200.47	1
200.82	2
201.15	3
201.5	4
201.84	1
202.17	2
202.51	3
202.85	4
203.19	1
203.53	2
203.88	3
204.22	4
204.56	1
204.91	2
205.24	3
205.59	4
205.92	1
206.27	2
206.6	3
206.95	4
207.29	1
207.62	2
207.97	3
208.31	4
208.65	1
208.99	2
209.33	3
209.67	4
210.02	1
210.36	2
210.7	3
211.05	4
211.38	1
211.72	2
212.06	3
212.41	4
212.74	1
213.09	2
213.42	3
213.76	4
214.1	1
214.44	2
214.78	3
215.13	4
215.47	1
215.82	2
216.15	3
216.5	4
216.83	1
217.18	2
217.51	3
217.85	4
218.2	1
218.54	2
218.88	3
219.22	4
219.56	1
219.91	2
220.24	3
220.58	4
220.92	1
221.26	2
221.59	3
221.95	4
222.27	1
222.62	2
222.96	3
223.31	4
223.64	1
223.95	2
224.28	3
224.6	4
224.92	1
225.24	2
225.56	3
225.88	4
226.19	1
226.52	2
226.84	3
227.15	4
227.47	1
227.8	2
228.11	3
228.43	4
228.76	1
