0.45	4
0.95	1
1.43	2
1.9	3
2.37	4
2.85	1
3.34	2
3.83	3
4.3	4
4.78	1
5.26	2
5.73	3
6.23	4
6.71	1
7.17	2
7.67	3
8.15	4
8.63	1
9.1	2
9.59	3
10.07	4
10.54	1
11.01	2
11.51	3
11.97	4
12.46	1
12.94	2
13.43	3
13.92	4
14.41	1
14.89	2
15.38	3
15.88	4
16.36	1
16.84	2
17.34	3
17.88	4
18.42	1
18.97	2
19.52	3
20.0	4
20.49	1
20.98	2
21.47	3
21.96	4
22.44	1
22.93	2
23.42	3
23.91	4
24.39	1
24.88	2
25.37	3
25.86	4
26.35	1
26.83	2
27.33	3
27.81	4
28.3	1
28.79	2
29.27	3
29.77	4
30.25	1
30.74	2
31.23	3
31.72	4
32.2	1
32.69	2
33.18	3
33.67	4
34.15	1
34.64	2
35.13	3
35.62	4
36.1	1
36.59	2
37.08	3
37.57	4
38.05	1
38.54	2
39.03	3
39.52	4
40.01	1
40.5	2
40.98	3
41.48	4
41.96	1
42.44	2
42.93	3
43.42	4
43.91	1
44.39	2
44.88	3
45.37	4
45.86	1
46.35	2
46.83	3
47.33	4
47.81	1
48.3	2
48.78	3
49.28	4
49.76	1
50.25	2
50.73	3
51.23	4
51.71	1
52.2	2
52.69	3
53.18	4
53.66	1
54.15	2
54.64	3
55.13	4
55.61	1
56.1	2
56.59	3
57.08	4
57.56	1
58.06	2
58.55	3
59.03	4
59.52	1
60.0	2
60.5	3
60.98	4
61.47	1
61.95	2
62.45	3
62.94	4
63.42	1
63.91	2
64.39	3
64.89	4
65.37	1
65.86	2
66.35	3
66.84	4
67.33	1
67.81	2
68.3	3
68.79	4
69.27	1
69.76	2
70.25	3
70.74	4
71.23	1
71.71	2
72.2	3
72.69	4
73.18	1
73.66	2
74.15	3
74.64	4
75.13	1
75.61	2
76.1	3
76.59	4
77.08	1
77.57	2
78.06	3
78.55	4
79.03	1
79.52	2
80.0	3
80.5	4
80.98	1
81.47	2
81.96	3
82.45	4
82.93	1
83.42	2
83.91	3
84.4	4
84.89	1
85.37	2
85.86	3
86.35	4
86.83	1
87.32	2
87.81	3
88.3	4
88.79	1
89.27	2
89.76	3
90.25	4
90.74	1
91.22	2
91.72	3
92.2	4
92.69	1
93.18	2
93.66	3
94.16	4
94.64	1
95.13	2
95.62	3
96.11	4
96.59	1
97.08	2
97.57	3
98.06	4
98.54	1
99.03	2
99.52	3
100.01	4
100.5	1
100.98	2
101.47	3
101.96	4
102.44	1
102.93	2
103.42	3
103.91	4
104.39	1
104.88	2
105.37	3
105.86	4
106.35	1
106.83	2
107.32	3
107.81	4
108.3	1
108.78	2
109.28	3
109.76	4
110.25	1
110.73	2
111.22	3
111.72	4
112.2	1
112.69	2
113.18	3
113.67	4
114.16	1
114.64	2
115.13	3
115.62	4
116.1	1
116.59	2
117.08	3
117.57	4
118.05	1
118.54	2
119.03	3
119.52	4
120.0	1
120.49	2
120.98	3
121.47	4
121.96	1
122.44	2
122.93	3
123.42	4
123.91	1
124.39	2
124.88	3
125.37	4
125.86	1
126.34	2
126.83	3
127.32	4
127.81	1
128.3	2
128.77	3
129.27	4
129.76	1
130.25	2
130.74	3
131.23	4
131.71	1
132.2	2
132.69	3
133.18	4
133.67	1
134.15	2
134.64	3
135.13	4
135.61	1
136.1	2
136.59	3
137.08	4
137.57	1
138.06	2
138.54	3
139.03	4
139.52	1
140.01	2
140.49	3
140.98	4
141.47	1
141.96	2
142.44	3
142.93	4
143.42	1
143.91	2
144.39	3
144.89	4
145.38	1
145.86	2
146.35	3
146.84	4
147.33	1
147.81	2
148.3	3
148.79	4
149.27	1
149.76	2
150.25	3
150.74	4
151.23	1
151.71	2
152.2	3
152.69	4
153.18	1
153.67	2
154.15	3
154.64	4
155.13	1
155.62	2
156.11	3
156.59	4
157.08	1
157.57	2
158.06	3
158.54	4
159.03	1
159.52	2
160.01	3
160.5	4
160.98	1
161.47	2
161.95	3
162.45	4
162.93	1
163.42	2
163.91	3
164.4	4
164.89	1
165.36	2
165.86	3
166.35	4
166.83	1
167.32	2
167.81	3
168.3	4
168.78	1
169.27	2
169.76	3
170.25	4
170.74	1
171.22	2
171.71	3
172.2	4
172.69	1
173.18	2
173.67	3
174.15	4
174.64	1
175.13	2
175.62	3
176.11	4
176.59	1
177.08	2
177.57	3
178.06	4
178.54	1
179.03	2
179.52	3
180.01	4
180.49	1
180.98	2
181.47	3
181.96	4
182.45	1
182.93	2
183.42	3
183.91	4
184.4	1
184.88	2
185.37	3
185.86	4
186.35	1
186.83	2
187.32	3
187.81	4
188.3	1
188.78	2
189.28	3
189.76	4
190.25	1
190.73	2
191.22	3
191.71	4
192.2	1
192.69	2
193.18	3
193.67	4
194.16	1
194.64	2
195.13	3
195.62	4
196.11	1
196.59	2
197.08	3
197.57	4
198.06	1
198.54	2
199.03	3
199.52	4
200.0	1
200.49	2
200.98	3
201.47	4
201.95	1
202.44	2
202.93	3
203.42	4
203.9	1
204.39	2
204.88	3
205.37	4
205.86	1
206.35	2
206.84	3
207.32	4
207.81	1
208.3	2
208.79	3
209.27	4
209.76	1
210.25	2
210.74	3
211.23	4
211.72	1
212.2	2
212.69	3
213.18	4
213.67	1
214.15	2
214.64	3
215.13	4
215.62	1
216.1	2
216.6	3
217.07	4
217.56	1
218.05	2
218.55	3
219.03	4
219.52	1
220.01	2
220.5	3
220.98	4
221.47	1
221.95	2
222.45	3
222.94	4
223.42	1
223.9	2
224.4	3
224.89	4
225.38	1
225.86	2
226.35	3
226.84	4
227.33	1
227.81	2
228.3	3
228.79	4
229.28	1
229.76	2
230.25	3
230.74	4
231.22	1
231.71	2
232.2	3
232.69	4
233.18	1
233.66	2
234.15	3
234.64	4
235.13	1
235.62	2
236.1	3
236.59	4
237.08	1
237.57	2
238.06	3
238.55	4
239.03	1
239.52	2
240.01	3
240.49	4
240.98	1
241.47	2
241.96	3
242.45	4
242.93	1
243.42	2
243.9	3
244.4	4
244.88	1
245.37	2
245.86	3
246.35	4
246.83	1
247.32	2
247.81	3
248.3	4
248.78	1
249.27	2
249.76	3
250.25	4
250.73	1
251.22	2
251.71	3
252.2	4
252.68	1
253.16	2
253.64	3
254.12	4
254.59	1
255.08	2
255.54	3
256.03	4
256.52	1
257.0	2
257.46	3
257.95	4
258.42	1
258.9	2
259.39	3
259.88	4
260.36	1
260.82	2
261.31	3
261.79	4
