0.02	4
0.62	1
1.22	2
1.82	3
2.42	4
3.01	1
3.62	2
4.22	3
4.82	4
5.41	1
6.02	2
6.62	3
7.21	4
7.81	1
8.42	2
9.01	3
9.61	4
10.21	1
10.82	2
11.42	3
12.01	4
12.61	1
13.21	2
13.81	3
14.42	4
15.01	1
15.61	2
16.22	3
16.81	4
17.41	1
18.01	2
18.61	3
19.21	4
19.77	1
20.35	2
20.94	3
21.51	4
22.12	1
22.67	2
23.26	3
23.89	4
24.53	1
25.14	2
25.77	3
26.43	4
27.06	1
27.68	2
28.32	3
28.92	4
29.56	1
30.18	2
30.78	3
31.34	4
31.82	1
32.3	2
32.76	3
33.24	4
33.72	1
34.2	2
34.68	3
35.17	4
35.65	1
36.12	2
36.61	3
37.1	4
37.58	1
38.05	2
38.52	3
39.0	4
39.49	1
39.97	2
40.45	3
40.93	4
41.41	1
41.89	2
42.38	3
42.86	4
43.34	1
43.8	2
44.28	3
44.77	4
45.25	1
45.72	2
46.2	3
46.68	4
47.15	1
47.62	2
48.1	3
48.6	4
49.09	1
49.55	2
50.03	3
50.52	4
51.0	1
51.48	2
51.95	3
52.44	4
52.91	1
53.4	2
53.88	3
54.37	4
54.84	1
55.31	2
55.79	3
56.27	4
56.74	1
57.21	2
57.7	3
58.18	4
58.67	1
59.15	2
59.62	3
60.1	4
60.57	1
61.05	2
61.53	3
62.02	4
62.5	1
62.99	2
63.47	3
63.94	4
64.42	1
64.89	2
65.37	3
65.85	4
66.34	1
66.82	2
67.3	3
67.78	4
68.25	1
68.73	2
69.22	3
69.7	4
70.18	1
70.68	2
71.15	3
71.62	4
72.1	1
72.58	2
73.07	3
73.55	4
74.04	1
74.51	2
74.97	3
75.45	4
75.93	1
76.43	2
76.9	3
77.38	4
77.86	1
78.34	2
78.82	3
79.3	4
79.77	1
80.25	2
80.74	3
81.21	4
81.71	1
82.17	2
82.67	3
83.13	4
83.62	1
84.1	2
84.59	3
85.06	4
85.54	1
86.02	2
86.49	3
86.97	4
87.45	1
87.92	2
88.39	3
88.88	4
89.36	1
89.84	2
90.32	3
90.79	4
91.28	1
91.75	2
92.23	3
92.71	4
93.2	1
93.69	2
94.17	3
94.64	4
95.12	1
95.6	2
96.09	3
96.56	4
97.04	1
97.51	2
97.99	3
98.47	4
98.95	1
99.43	2
99.91	3
100.4	4
100.87	1
101.35	2
101.85	3
102.32	4
102.8	1
103.29	2
103.77	3
104.25	4
104.73	1
105.22	2
105.7	3
106.17	4
106.65	1
107.13	2
107.6	3
108.07	4
108.54	1
109.02	2
109.5	3
109.99	4
110.48	1
110.95	2
111.43	3
111.91	4
112.4	1
112.88	2
113.34	3
113.83	4
114.32	1
114.8	2
115.27	3
115.75	4
116.23	1
116.71	2
117.19	3
117.66	4
118.15	1
118.62	2
119.1	3
119.59	4
120.05	1
120.53	2
121.01	3
121.51	4
121.98	1
122.47	2
122.94	3
123.43	4
123.89	1
124.38	2
124.86	3
125.35	4
125.83	1
126.29	2
126.78	3
127.26	4
127.73	1
128.21	2
128.69	3
129.18	4
129.67	1
130.15	2
130.62	3
131.1	4
131.58	1
132.05	2
132.53	3
133.01	4
133.51	1
133.98	2
134.45	3
134.93	4
135.43	1
135.91	2
136.37	3
136.86	4
137.34	1
137.83	2
138.31	3
138.78	4
139.26	1
139.73	2
140.21	3
140.69	4
141.17	1
141.66	2
142.14	3
142.61	4
143.09	1
143.56	2
144.04	3
144.53	4
145.01	1
145.5	2
145.98	3
146.45	4
146.92	1
147.39	2
147.87	3
148.35	4
148.84	1
149.31	2
149.8	3
150.29	4
150.76	1
151.23	2
151.71	3
152.2	4
152.67	1
153.17	2
153.64	3
154.13	4
154.6	1
155.08	2
155.55	3
156.04	4
156.53	1
157.0	2
157.48	3
157.95	4
158.44	1
158.92	2
159.4	3
159.89	4
160.37	1
160.83	2
161.31	3
161.79	4
162.28	1
162.76	2
163.23	3
163.72	4
164.2	1
164.69	2
165.16	3
165.64	4
166.11	1
166.58	2
167.06	3
167.55	4
168.03	1
168.51	2
168.99	3
169.47	4
169.96	1
170.44	2
170.91	3
171.4	4
171.87	1
172.35	2
172.82	3
173.3	4
173.79	1
174.26	2
174.74	3
175.24	4
175.72	1
176.19	2
176.66	3
177.15	4
177.62	1
178.11	2
178.6	3
179.09	4
179.56	1
180.06	2
180.51	3
181.0	4
181.47	1
181.94	2
182.42	3
182.92	4
183.39	1
183.86	2
184.34	3
184.82	4
185.3	1
185.78	2
186.27	3
186.75	4
187.23	1
187.71	2
188.19	3
188.66	4
189.13	1
189.6	2
190.09	3
190.6	4
191.19	1
191.79	2
192.26	3
192.75	4
193.22	1
193.72	2
194.2	3
194.68	4
195.16	1
195.63	2
196.11	3
196.6	4
197.08	1
197.55	2
198.03	3
198.52	4
199.0	1
199.48	2
199.94	3
200.44	4
200.9	1
201.4	2
201.87	3
202.35	4
202.82	1
203.31	2
203.8	3
204.26	4
204.75	1
205.23	2
205.7	3
206.17	4
206.66	1
207.14	2
207.62	3
208.1	4
208.57	1
209.06	2
209.53	3
210.01	4
210.48	1
210.98	2
211.46	3
211.94	4
212.42	1
212.9	2
213.36	3
213.86	4
214.34	1
214.82	2
215.3	3
215.78	4
216.26	1
216.74	2
217.21	3
217.68	4
218.18	1
218.65	2
219.14	3
219.61	4
220.08	1
220.57	2
221.03	3
221.48	4
221.91	1
222.35	2
222.81	3
223.25	4
223.67	1
224.16	2
224.64	3
225.12	4
225.6	1
226.09	2
226.56	3
227.03	4
227.49	1
227.98	2
228.46	3
228.94	4
229.42	1
229.9	2
230.39	3
230.86	4
231.34	1
231.82	2
232.29	3
232.79	4
233.28	1
233.75	2
234.24	3
234.72	4
235.19	1
235.67	2
236.15	3
236.64	4
237.11	1
237.59	2
238.08	3
238.56	4
239.05	1
239.53	2
240.0	3
240.47	4
240.96	1
241.44	2
242.06	3
242.7	4
243.36	1
244.01	2
244.62	3
245.27	4
245.97	1
246.7	2
247.42	3
248.13	4
248.87	1
249.59	2
250.3	3
251.04	4
251.77	1
252.48	2
253.21	3
253.95	4
254.76	1
255.56	2
256.33	3
257.11	4
257.89	1
258.8	2
259.64	3
260.49	4
261.35	1
262.22	2
263.02	3
263.8	4
264.61	1
265.4	2
266.21	3
266.99	4
267.84	1
268.74	2
269.62	3
270.6	4
271.51	1
272.5	2
273.47	3
274.44	4
