0.02	4
0.48	1
0.99	2
1.47	3
1.95	4
2.44	1
2.94	2
3.42	3
3.89	4
4.38	1
4.86	2
5.34	3
5.82	4
6.32	1
6.8	2
7.3	3
7.77	4
8.27	1
8.73	2
9.23	3
9.7	4
10.19	1
10.68	2
11.16	3
11.64	4
12.14	1
12.6	2
13.09	3
13.57	4
14.06	1
14.53	2
15.02	3
15.5	4
16.01	1
16.47	2
16.95	3
17.44	4
17.92	1
18.41	2
18.89	3
19.37	4
19.86	1
20.34	2
20.83	3
21.31	4
21.79	1
22.27	2
22.76	3
23.25	4
23.74	1
24.21	2
24.7	3
25.19	4
25.66	1
26.14	2
26.63	3
27.11	4
27.6	1
28.08	2
28.58	3
29.05	4
29.53	1
30.02	2
30.5	3
30.99	4
31.47	1
31.95	2
32.45	3
32.93	4
33.41	1
33.9	2
34.38	3
34.85	4
35.33	1
35.82	2
36.31	3
36.79	4
37.27	1
37.76	2
38.25	3
38.73	4
39.21	1
39.7	2
40.19	3
40.66	4
41.14	1
41.62	2
42.12	3
42.6	4
43.08	1
43.56	2
44.05	3
44.54	4
45.02	1
45.5	2
45.99	3
46.47	4
46.95	1
47.44	2
47.93	3
48.41	4
48.89	1
49.38	2
49.87	3
50.34	4
50.84	1
51.32	2
51.8	3
52.28	4
52.75	1
53.25	2
53.72	3
54.21	4
54.7	1
55.18	2
55.68	3
56.14	4
56.64	1
57.11	2
57.6	3
58.08	4
58.58	1
59.05	2
59.54	3
60.01	4
60.5	1
60.99	2
61.48	3
61.95	4
62.44	1
62.92	2
63.41	3
63.89	4
64.37	1
64.85	2
65.34	3
65.82	4
66.32	1
66.79	2
67.28	3
67.77	4
68.26	1
68.73	2
69.23	3
69.7	4
70.18	1
70.66	2
71.14	3
71.63	4
72.13	1
72.6	2
73.09	3
73.57	4
74.06	1
74.53	2
75.03	3
75.51	4
75.99	1
76.47	2
76.96	3
77.43	4
77.92	1
78.41	2
78.89	3
79.37	4
79.87	1
80.34	2
80.83	3
81.31	4
81.79	1
82.27	2
82.77	3
83.24	4
83.74	1
84.21	2
84.71	3
85.18	4
85.67	1
86.14	2
86.62	3
87.13	4
87.61	1
88.09	2
88.58	3
89.05	4
89.54	1
90.01	2
90.51	3
90.98	4
91.47	1
91.95	2
92.42	3
92.92	4
93.41	1
93.89	2
94.38	3
94.86	4
95.35	1
95.83	2
96.32	3
96.79	4
97.28	1
97.76	2
98.26	3
98.73	4
99.22	1
99.7	2
100.2	3
100.66	4
101.16	1
101.63	2
102.12	3
102.6	4
103.09	1
103.58	2
104.06	3
104.53	4
105.03	1
105.5	2
105.98	3
106.46	4
106.96	1
107.43	2
107.92	3
108.41	4
108.92	1
109.38	2
109.86	3
110.34	4
110.82	1
111.31	2
111.79	3
112.27	4
112.76	1
113.24	2
113.73	3
114.21	4
114.7	1
115.18	2
115.67	3
116.14	4
116.62	1
117.12	2
117.6	3
118.08	4
118.57	1
119.04	2
119.53	3
120.01	4
120.5	1
120.98	2
121.47	3
121.95	4
122.44	1
122.91	2
123.4	3
123.88	4
124.37	1
124.85	2
125.35	3
125.83	4
126.3	1
126.79	2
127.27	3
127.75	4
128.25	1
128.73	2
129.21	3
129.69	4
130.17	1
130.66	2
131.15	3
131.63	4
132.11	1
132.59	2
133.09	3
133.56	4
134.04	1
134.52	2
135.02	3
135.5	4
135.98	1
136.47	2
136.95	3
137.44	4
137.92	1
138.4	2
138.89	3
139.37	4
139.86	1
140.33	2
140.83	3
141.32	4
141.79	1
142.28	2
142.77	3
143.24	4
143.73	1
144.21	2
144.7	3
145.18	4
145.66	1
146.15	2
146.63	3
147.11	4
147.6	1
148.08	2
148.57	3
149.05	4
149.54	1
150.01	2
150.5	3
150.98	4
151.47	1
151.95	2
152.44	3
152.92	4
153.4	1
153.89	2
154.39	3
154.86	4
155.34	1
155.82	2
156.31	3
156.79	4
157.27	1
157.75	2
158.24	3
158.72	4
159.21	1
159.69	2
160.18	3
160.66	4
161.16	1
161.64	2
162.13	3
162.6	4
163.08	1
163.56	2
164.04	3
164.53	4
165.02	1
165.5	2
165.99	3
166.47	4
166.96	1
167.44	2
167.93	3
168.41	4
168.89	1
169.37	2
169.87	3
170.34	4
170.82	1
171.3	2
171.79	3
172.27	4
172.77	1
173.24	2
173.74	3
174.21	4
174.68	1
175.16	2
175.67	3
176.14	4
176.64	1
177.11	2
177.61	3
178.09	4
178.57	1
179.05	2
179.53	3
180.02	4
180.51	1
180.99	2
181.47	3
181.95	4
182.44	1
182.91	2
183.41	3
183.89	4
184.38	1
184.86	2
185.33	3
185.82	4
186.31	1
186.79	2
187.27	3
187.75	4
188.25	1
188.72	2
189.21	3
189.69	4
190.18	1
190.66	2
191.15	3
191.63	4
192.12	1
192.6	2
193.08	3
193.57	4
194.05	1
194.54	2
195.03	3
195.52	4
196.04	1
196.52	2
197.01	3
197.49	4
197.98	1
198.46	2
198.94	3
199.43	4
199.91	1
200.39	2
200.88	3
201.36	4
201.84	1
202.33	2
202.81	3
203.28	4
203.79	1
204.28	2
204.76	3
205.23	4
205.72	1
206.21	2
206.69	3
207.18	4
207.65	1
208.15	2
208.61	3
209.1	4
209.58	1
210.08	2
210.56	3
211.04	4
211.53	1
212.01	2
212.49	3
212.97	4
213.46	1
213.94	2
214.43	3
214.91	4
215.38	1
215.87	2
216.37	3
216.84	4
217.33	1
217.81	2
218.3	3
218.78	4
219.27	1
219.74	2
220.23	3
220.72	4
221.22	1
221.68	2
222.18	3
222.65	4
223.14	1
223.62	2
224.12	3
224.59	4
225.08	1
225.56	2
226.04	3
226.52	4
227.01	1
227.49	2
227.98	3
228.45	4
228.94	1
229.41	2
229.91	3
230.39	4
230.88	1
231.36	2
231.85	3
232.33	4
232.82	1
233.31	2
233.79	3
234.26	4
234.75	1
235.23	2
235.71	3
236.19	4
236.69	1
237.17	2
237.65	3
238.13	4
238.62	1
239.1	2
239.58	3
240.07	4
240.58	1
241.06	2
241.54	3
242.02	4
242.53	1
243.05	2
243.52	3
244.05	4
244.53	1
245.06	2
245.57	3
246.08	4
