0.03	4
0.41	1
0.76	2
1.13	3
1.51	4
1.87	1
2.24	2
2.62	3
2.98	4
3.36	1
3.72	2
4.1	3
4.47	4
4.83	1
5.2	2
5.58	3
5.95	4
6.32	1
6.68	2
7.06	3
7.43	4
7.8	1
8.16	2
8.54	3
8.92	4
9.28	1
9.65	2
10.02	3
10.4	4
10.76	1
11.13	2
11.5	3
11.87	4
12.25	1
12.61	2
12.98	3
13.36	4
13.72	1
14.09	2
14.47	3
14.84	4
15.21	1
15.57	2
15.95	3
16.32	4
16.69	1
17.05	2
17.43	3
17.79	4
18.17	1
18.53	2
18.91	3
19.28	4
19.65	1
20.01	2
20.39	3
20.77	4
21.13	1
21.49	2
21.87	3
22.25	4
22.62	1
22.98	2
23.36	3
23.72	4
24.1	1
24.46	2
24.84	3
25.21	4
25.58	1
25.94	2
26.32	3
26.69	4
27.06	1
27.42	2
27.8	3
28.17	4
28.54	1
28.9	2
29.28	3
29.65	4
30.02	1
30.39	2
30.76	3
31.14	4
31.5	1
31.87	2
32.24	3
32.61	4
32.98	1
33.35	2
33.72	3
34.1	4
34.46	1
34.83	2
35.21	3
35.57	4
35.95	1
36.31	2
36.69	3
37.06	4
37.43	1
37.79	2
38.17	3
38.54	4
38.91	1
39.27	2
39.65	3
40.02	4
40.39	1
40.76	2
41.13	3
41.5	4
41.87	1
42.24	2
42.62	3
42.98	4
43.35	1
43.72	2
44.1	3
44.46	4
44.83	1
45.2	2
45.58	3
45.95	4
46.32	1
46.68	2
47.06	3
47.43	4
47.8	1
48.16	2
48.54	3
48.91	4
49.29	1
49.64	2
50.03	3
50.4	4
50.77	1
51.13	2
51.5	3
51.88	4
52.24	1
52.61	2
52.99	3
53.36	4
53.73	1
54.09	2
54.47	3
54.84	4
55.2	1
55.58	2
55.95	3
56.32	4
56.69	1
57.05	2
57.43	3
57.8	4
58.17	1
58.53	2
58.91	3
59.28	4
59.65	1
60.02	2
60.38	3
60.76	4
61.13	1
61.5	2
61.89	3
62.25	4
62.62	1
62.98	2
63.35	3
63.73	4
64.09	1
64.46	2
64.85	3
65.22	4
65.58	1
65.94	2
66.32	3
66.69	4
67.05	1
67.42	2
67.81	3
68.17	4
68.54	1
68.9	2
69.27	3
69.65	4
70.02	1
70.38	2
70.76	3
71.13	4
71.5	1
71.87	2
72.24	3
72.62	4
72.98	1
73.35	2
73.72	3
74.1	4
74.47	1
74.83	2
75.21	3
75.57	4
75.95	1
76.31	2
76.69	3
77.06	4
77.42	1
77.8	2
78.17	3
78.54	4
78.91	1
79.28	2
79.65	3
80.03	4
80.38	1
80.76	2
81.13	3
81.51	4
81.87	1
82.24	2
82.62	3
82.98	4
83.35	1
83.72	2
84.09	3
84.47	4
84.83	1
85.21	2
85.58	3
85.95	4
86.31	1
86.69	2
87.05	3
87.43	4
87.79	1
88.17	2
88.55	3
88.91	4
89.27	1
89.65	2
90.02	3
90.39	4
90.76	1
91.13	2
91.51	3
91.87	4
92.24	1
92.61	2
92.97	3
93.36	4
93.72	1
94.09	2
94.47	3
94.84	4
95.21	1
95.57	2
95.95	3
96.31	4
96.69	1
97.05	2
97.43	3
97.8	4
98.17	1
98.53	2
98.91	3
99.28	4
99.65	1
100.02	2
100.39	3
100.76	4
101.14	1
101.51	2
101.88	3
102.25	4
102.62	1
102.98	2
103.37	3
103.72	4
104.1	1
104.47	2
104.83	3
105.22	4
105.59	1
105.94	2
106.33	3
106.68	4
107.05	1
107.44	2
107.81	3
108.17	4
108.54	1
108.9	2
109.29	3
109.65	4
110.02	1
110.39	2
110.76	3
111.14	4
111.5	1
111.87	2
112.25	3
112.62	4
112.99	1
113.35	2
113.73	3
114.1	4
114.47	1
114.83	2
115.21	3
115.58	4
115.95	1
116.31	2
116.68	3
117.06	4
117.42	1
117.79	2
118.17	3
118.54	4
118.91	1
119.27	2
119.65	3
120.03	4
120.39	1
120.75	2
121.14	3
121.51	4
121.87	1
122.24	2
122.61	3
122.99	4
123.35	1
123.71	2
124.1	3
124.47	4
124.84	1
125.2	2
125.58	3
125.94	4
126.31	1
126.68	2
127.06	3
127.43	4
127.8	1
128.16	2
128.55	3
128.92	4
129.28	1
129.64	2
130.03	3
130.39	4
130.76	1
131.13	2
131.5	3
131.87	4
132.24	1
132.61	2
132.98	3
133.36	4
133.73	1
134.09	2
134.47	3
134.84	4
135.2	1
135.57	2
135.95	3
136.32	4
136.68	1
137.05	2
137.43	3
137.8	4
138.17	1
138.54	2
138.92	3
139.28	4
139.65	1
140.01	2
140.39	3
140.77	4
141.13	1
141.5	2
141.87	3
142.24	4
142.62	1
142.98	2
143.36	3
143.73	4
144.09	1
144.46	2
144.84	3
145.21	4
145.58	1
145.94	2
146.32	3
146.69	4
147.06	1
147.42	2
147.8	3
148.17	4
148.53	1
148.91	2
149.28	3
149.66	4
150.02	1
150.39	2
150.77	3
151.14	4
151.5	1
151.87	2
152.24	3
152.62	4
152.98	1
153.35	2
153.73	3
154.09	4
154.47	1
154.83	2
155.21	3
155.58	4
155.96	1
156.31	2
156.7	3
157.06	4
157.43	1
157.79	2
158.17	3
158.54	4
158.91	1
159.27	2
159.65	3
160.02	4
160.39	1
160.76	2
161.12	3
161.5	4
161.87	1
162.24	2
162.61	3
162.99	4
163.35	1
163.72	2
164.09	3
164.47	4
164.83	1
165.2	2
165.58	3
165.94	4
166.32	1
166.68	2
167.06	3
167.43	4
167.8	1
168.16	2
168.55	3
168.91	4
169.29	1
169.65	2
170.02	3
170.39	4
170.76	1
171.12	2
171.5	3
171.87	4
172.25	1
172.61	2
172.99	3
173.35	4
173.72	1
174.09	2
174.47	3
174.84	4
175.21	1
175.56	2
175.95	3
176.32	4
176.68	1
177.05	2
177.44	3
177.8	4
178.17	1
178.53	2
178.91	3
179.28	4
179.68	1
180.06	2
180.43	3
180.8	4
181.2	1
181.55	2
181.94	3
182.29	4
182.66	1
183.03	2
183.42	3
183.77	4
184.14	1
184.51	2
184.9	3
185.27	4
185.64	1
186.0	2
186.38	3
186.74	4
187.1	1
187.48	2
187.84	3
188.21	4
188.58	1
188.96	2
189.34	3
189.71	4
190.07	1
190.43	2
190.8	3
