0.31	4
0.89	1
1.47	2
2.0	3
2.61	4
3.18	1
3.76	2
4.33	3
4.92	4
5.5	1
6.08	2
6.65	3
7.22	4
7.79	1
8.39	2
8.94	3
9.52	4
10.1	1
10.7	2
11.28	3
11.85	4
12.4	1
12.99	2
13.57	3
14.15	4
14.73	1
15.31	2
15.88	3
16.46	4
17.07	1
17.63	2
18.19	3
18.76	4
19.3	1
19.92	2
20.49	3
21.07	4
21.64	1
22.23	2
22.81	3
23.39	4
23.95	1
24.54	2
25.12	3
25.7	4
26.27	1
26.86	2
27.44	3
28.0	4
28.58	1
29.16	2
29.73	3
30.32	4
30.88	1
31.47	2
32.05	3
32.62	4
33.2	1
33.79	2
34.35	3
34.94	4
35.5	1
36.08	2
36.65	3
37.23	4
37.81	1
38.4	2
38.98	3
39.54	4
40.1	1
40.7	2
41.28	3
41.84	4
42.42	1
43.0	2
43.57	3
44.16	4
44.74	1
45.31	2
45.89	3
46.46	4
47.04	1
47.61	2
48.17	3
48.77	4
49.35	1
49.93	2
50.51	3
51.08	4
51.66	1
52.25	2
52.81	3
53.38	4
53.94	1
54.54	2
55.11	3
55.69	4
56.26	1
56.84	2
57.41	3
57.99	4
58.57	1
59.14	2
59.71	3
60.28	4
60.86	1
61.47	2
62.05	3
62.61	4
63.2	1
63.78	2
64.35	3
64.91	4
65.49	1
66.08	2
66.67	3
67.22	4
67.81	1
68.38	2
68.93	3
69.52	4
70.09	1
70.69	2
71.27	3
71.85	4
72.4	1
73.0	2
73.58	3
74.15	4
74.72	1
75.31	2
75.89	3
76.46	4
77.04	1
77.63	2
78.2	3
78.76	4
79.34	1
79.93	2
80.5	3
81.08	4
81.66	1
82.23	2
82.79	3
83.37	4
83.94	1
84.55	2
85.13	3
85.71	4
86.27	1
86.85	2
87.42	3
88.0	4
88.58	1
89.16	2
89.73	3
90.31	4
90.88	1
91.46	2
92.04	3
92.61	4
93.19	1
93.79	2
94.36	3
94.93	4
95.5	1
96.07	2
96.65	3
97.24	4
97.81	1
98.38	2
98.96	3
99.55	4
100.09	1
100.69	2
101.25	3
101.82	4
102.41	1
103.01	2
103.57	3
104.15	4
104.72	1
105.3	2
105.88	3
106.47	4
107.04	1
107.61	2
108.17	3
108.77	4
109.33	1
109.92	2
110.5	3
111.08	4
111.66	1
112.24	2
112.81	3
113.39	4
113.96	1
114.53	2
115.1	3
115.67	4
116.24	1
116.84	2
117.41	3
118.0	4
118.58	1
119.16	2
119.73	3
120.31	4
120.91	1
121.46	2
122.03	3
122.6	4
123.18	1
123.76	2
124.34	3
124.9	4
125.49	1
126.06	2
126.64	3
127.22	4
127.79	1
128.37	2
128.95	3
129.54	4
130.1	1
130.69	2
131.27	3
131.84	4
132.43	1
132.99	2
133.57	3
134.15	4
134.74	1
135.32	2
135.88	3
136.46	4
137.07	1
137.62	2
138.17	3
138.74	4
139.33	1
139.93	2
140.5	3
141.08	4
141.65	1
142.23	2
142.81	3
143.38	4
143.96	1
144.56	2
145.13	3
145.71	4
146.27	1
146.85	2
147.43	3
148.01	4
148.59	1
149.17	2
149.74	3
150.32	4
150.9	1
151.47	2
152.04	3
152.61	4
153.19	1
153.77	2
154.34	3
154.92	4
155.49	1
156.08	2
156.65	3
157.24	4
157.82	1
158.39	2
158.96	3
159.54	4
160.12	1
160.69	2
161.26	3
161.84	4
162.41	1
163.01	2
163.57	3
164.16	4
164.72	1
165.31	2
165.87	3
166.45	4
167.03	1
167.62	2
168.19	3
168.76	4
169.34	1
169.92	2
170.48	3
171.07	4
171.65	1
172.23	2
172.8	3
173.38	4
173.92	1
174.52	2
175.09	3
175.68	4
176.25	1
176.84	2
177.4	3
177.98	4
178.58	1
179.15	2
179.71	3
180.3	4
180.85	1
181.46	2
182.04	3
182.61	4
183.19	1
183.77	2
184.34	3
184.92	4
185.49	1
186.09	2
186.66	3
187.23	4
187.82	1
188.38	2
188.95	3
189.52	4
190.09	1
190.69	2
191.26	3
191.83	4
192.44	1
193.0	2
193.6	3
194.15	4
194.71	1
195.3	2
195.88	3
196.44	4
197.02	1
197.6	2
198.18	3
198.76	4
199.33	1
199.91	2
200.5	3
201.07	4
201.64	1
202.21	2
202.78	3
203.36	4
203.93	1
204.53	2
205.1	3
205.69	4
206.26	1
206.84	2
207.42	3
208.01	4
208.59	1
209.16	2
209.72	3
210.3	4
210.87	1
211.44	2
212.03	3
212.61	4
213.18	1
213.78	2
214.34	3
214.93	4
215.48	1
216.06	2
216.65	3
217.22	4
217.8	1
218.38	2
218.96	3
219.53	4
220.1	1
220.68	2
221.24	3
221.81	4
222.42	1
223.0	2
223.58	3
224.14	4
224.72	1
225.31	2
225.87	3
226.45	4
227.03	1
227.6	2
228.16	3
228.75	4
229.32	1
229.91	2
230.5	3
231.08	4
231.66	1
232.24	2
232.8	3
233.38	4
233.96	1
234.53	2
235.12	3
235.68	4
236.26	1
236.84	2
237.41	3
238.0	4
238.58	1
239.17	2
239.76	3
240.31	4
240.89	1
241.47	2
242.03	3
242.6	4
243.17	1
243.77	2
244.34	3
244.9	4
245.45	1
246.07	2
246.64	3
247.21	4
247.79	1
248.38	2
248.94	3
249.53	4
250.09	1
250.68	2
251.25	3
251.84	4
252.4	1
252.98	2
253.56	3
254.14	4
254.72	1
255.31	2
255.88	3
256.46	4
257.04	1
257.61	2
258.18	3
258.74	4
259.28	1
259.86	2
260.45	3
261.05	4
261.61	1
262.18	2
262.76	3
263.34	4
263.93	1
264.53	2
265.1	3
265.67	4
266.25	1
266.83	2
267.4	3
267.98	4
268.56	1
269.14	2
269.72	3
270.3	4
270.88	1
271.44	2
272.01	3
272.59	4
273.16	1
273.77	2
274.35	3
274.93	4
275.48	1
276.07	2
276.64	3
277.23	4
277.78	1
278.37	2
278.95	3
279.52	4
280.11	1
280.68	2
281.25	3
281.83	4
282.42	1
283.01	2
283.57	3
284.15	4
284.72	1
285.28	2
285.84	3
286.43	4
287.03	1
287.61	2
288.19	3
288.76	4
289.34	1
289.92	2
290.5	3
291.07	4
291.66	1
292.23	2
292.8	3
293.38	4
293.94	1
294.53	2
295.11	3
295.68	4
296.26	1
296.84	2
297.41	3
297.99	4
298.57	1
299.14	2
299.72	3
300.31	4
300.89	1
301.46	2
302.03	3
302.61	4
303.18	1
303.77	2
304.34	3
304.91	4
305.49	1
306.08	2
306.64	3
307.22	4
307.8	1
308.39	2
308.96	3
309.54	4
310.11	1
310.68	2
311.23	3
311.82	4
312.38	1
312.98	2
313.57	3
314.15	4
314.7	1
315.31	2
315.88	3
316.46	4
317.01	1
317.6	2
318.18	3
318.76	4
319.34	1
319.92	2
320.48	3
321.08	4
321.65	1
322.24	2
322.8	3
323.39	4
323.97	1
324.55	2
325.12	3
325.7	4
326.26	1
326.83	2
327.41	3
327.98	4
328.55	1
329.14	2
329.72	3
330.3	4
330.87	1
331.46	2
332.03	3
332.61	4
333.18	1
333.76	2
334.35	3
334.92	4
335.48	1
336.06	2
336.67	3
337.22	4
337.81	1
338.39	2
338.96	3
339.54	4
340.14	1
340.68	2
341.25	3
341.8	4
342.38	1
342.97	2
343.55	3
344.13	4
344.72	1
345.29	2
345.85	3
346.42	4
347.01	1
347.59	2
348.17	3
348.75	4
349.33	1
349.9	2
350.48	3
351.09	4
351.69	1
352.27	2
352.88	3
353.53	4
354.15	1
354.8	2
355.46	3
356.13	4
356.77	1
357.42	2
358.09	3
358.72	4
359.37	1
360.04	2
360.68	3
361.32	4
361.99	1
362.6	2
363.25	3
363.93	4
364.62	1
365.33	2
366.01	3
366.69	4
367.36	1
