0.98	4
1.95	1
2.92	2
3.89	3
4.85	4
5.82	1
6.79	2
7.75	3
8.73	4
9.69	1
10.66	2
11.63	3
12.6	4
13.57	1
14.63	2
15.61	3
16.44	4
16.96	1
17.43	2
17.91	3
18.4	4
18.88	1
19.37	2
19.85	3
20.33	4
20.82	1
21.3	2
21.78	3
22.27	4
22.75	1
23.24	2
23.72	3
24.21	4
24.7	1
25.17	2
25.65	3
26.14	4
26.62	1
27.11	2
27.59	3
28.08	4
28.56	1
29.04	2
29.53	3
30.02	4
30.52	1
30.99	2
31.47	3
31.95	4
32.43	1
32.92	2
33.4	3
33.88	4
34.37	1
34.85	2
35.33	3
35.82	4
36.3	1
36.78	2
37.27	3
37.75	4
38.23	1
38.72	2
39.2	3
39.69	4
40.18	1
40.66	2
41.14	3
41.63	4
42.11	1
42.59	2
43.08	3
43.56	4
44.05	1
44.53	2
45.01	3
45.5	4
45.98	1
46.47	2
46.96	3
47.43	4
47.91	1
48.4	2
48.88	3
49.37	4
49.85	1
50.33	2
50.82	3
51.3	4
51.78	1
52.27	2
52.75	3
53.24	4
53.72	1
54.2	2
54.68	3
55.18	4
55.66	1
56.14	2
56.61	3
57.11	4
57.59	1
58.07	2
58.56	3
59.04	4
59.52	1
60.01	2
60.49	3
60.96	4
61.46	1
61.95	2
62.41	3
62.91	4
63.39	1
63.88	2
64.36	3
64.85	4
65.33	1
65.81	2
66.3	3
66.78	4
67.26	1
67.75	2
68.23	3
68.72	4
69.21	1
69.69	2
70.17	3
70.66	4
71.14	1
71.62	2
72.1	3
72.59	4
73.07	1
73.56	2
74.04	3
74.53	4
75.0	1
75.5	2
75.97	3
76.46	4
76.94	1
77.4	2
77.88	3
78.38	4
78.88	1
79.36	2
79.84	3
80.33	4
80.81	1
81.3	2
81.78	3
82.27	4
82.75	1
83.24	2
83.72	3
84.2	4
84.69	1
85.17	2
85.65	3
86.14	4
86.62	1
87.11	2
87.59	3
88.08	4
88.55	1
89.04	2
89.52	3
90.01	4
90.49	1
90.98	2
91.46	3
91.94	4
92.43	1
92.91	2
93.4	3
93.88	4
94.36	1
94.85	2
95.33	3
95.82	4
96.3	1
96.78	2
97.27	3
97.75	4
98.23	1
98.72	2
99.2	3
99.69	4
100.17	1
100.65	2
101.14	3
101.62	4
102.1	1
102.59	2
103.07	3
103.56	4
104.03	1
104.52	2
105.01	3
105.49	4
105.97	1
106.46	2
106.94	3
107.43	4
107.91	1
108.39	2
108.88	3
109.36	4
109.84	1
110.33	2
110.82	3
111.3	4
111.78	1
112.27	2
112.75	3
113.24	4
113.72	1
114.2	2
114.69	3
115.17	4
115.65	1
116.13	2
116.62	3
117.11	4
117.58	1
118.07	2
118.55	3
119.04	4
119.52	1
120.01	2
120.49	3
120.98	4
121.46	1
121.95	2
122.43	3
122.91	4
123.39	1
123.88	2
124.36	3
124.85	4
125.33	1
125.81	2
126.3	3
126.78	4
127.27	1
127.75	2
128.23	3
128.72	4
129.2	1
129.69	2
130.17	3
130.65	4
131.13	1
131.62	2
132.1	3
132.59	4
133.08	1
133.56	2
134.04	3
134.53	4
135.01	1
135.49	2
135.98	3
136.46	4
136.94	1
137.43	2
137.91	3
138.41	4
138.87	1
139.37	2
139.83	3
140.33	4
140.81	1
141.3	2
141.78	3
142.27	4
142.75	1
143.23	2
143.72	3
144.2	4
144.68	1
145.17	2
145.66	3
146.14	4
146.62	1
147.1	2
147.58	3
148.08	4
148.56	1
149.04	2
149.52	3
150.01	4
150.49	1
150.97	2
151.46	3
151.94	4
152.43	1
152.91	2
153.4	3
153.87	4
154.36	1
154.85	2
155.32	3
155.81	4
156.29	1
156.78	2
157.26	3
157.75	4
158.23	1
158.72	2
159.2	3
159.69	4
160.17	1
160.65	2
161.14	3
161.62	4
162.1	1
162.59	2
163.07	3
163.56	4
164.03	1
164.53	2
165.02	3
165.49	4
165.97	1
166.46	2
166.94	3
167.43	4
167.91	1
168.39	2
168.88	3
169.35	4
169.84	1
170.32	2
170.78	3
171.3	4
171.79	1
172.26	2
172.75	3
173.23	4
173.71	1
174.2	2
174.68	3
175.17	4
175.65	1
176.14	2
176.62	3
177.1	4
177.59	1
178.07	2
178.55	3
179.04	4
179.52	1
180.01	2
180.49	3
180.98	4
181.46	1
181.94	2
182.43	3
182.91	4
183.39	1
183.88	2
184.36	3
184.85	4
185.33	1
185.81	2
186.3	3
186.78	4
187.27	1
187.75	2
188.23	3
188.72	4
189.2	1
189.68	2
190.17	3
190.65	4
191.14	1
191.62	2
192.1	3
192.59	4
193.07	1
193.55	2
194.04	3
194.52	4
195.0	1
195.49	2
195.98	3
196.46	4
196.94	1
197.42	2
197.91	3
198.4	4
198.87	1
199.36	2
199.85	3
200.33	4
200.81	1
201.29	2
201.78	3
202.26	4
202.74	1
203.23	2
203.71	3
204.2	4
204.68	1
205.17	2
205.65	3
206.14	4
206.62	1
207.11	2
207.59	3
208.07	4
208.55	1
209.03	2
209.53	3
210.01	4
210.49	1
210.98	2
211.46	3
211.94	4
212.42	1
212.91	2
213.39	3
213.88	4
214.36	1
214.85	2
215.33	3
215.81	4
216.3	1
216.78	2
217.27	3
217.75	4
218.24	1
218.72	2
219.2	3
219.68	4
220.17	1
220.65	2
221.13	3
221.62	4
222.1	1
222.59	2
223.07	3
223.56	4
224.04	1
224.52	2
225.0	3
225.49	4
225.98	1
226.46	2
226.94	3
227.43	4
227.91	1
228.39	2
228.87	3
229.36	4
229.85	1
230.33	2
230.81	3
231.3	4
231.79	1
232.27	2
232.76	3
233.24	4
233.71	1
234.2	2
234.68	3
235.17	4
235.65	1
236.13	2
236.62	3
237.11	4
237.58	1
238.07	2
238.56	3
239.04	4
239.52	1
240.0	2
240.49	3
240.98	4
241.45	1
241.94	2
242.42	3
242.91	4
243.39	1
243.87	2
244.36	3
244.85	4
245.33	1
245.81	2
246.29	3
246.78	4
247.26	1
247.75	2
248.23	3
248.71	4
249.2	1
249.68	2
250.17	3
250.65	4
251.14	1
251.61	2
252.1	3
252.59	4
253.07	1
253.55	2
254.04	3
254.52	4
255.0	1
255.49	2
255.97	3
256.46	4
256.94	1
257.43	2
257.91	3
258.4	4
258.87	1
259.36	2
259.85	3
260.33	4
260.81	1
261.3	2
261.78	3
262.26	4
262.74	1
263.23	2
263.71	3
264.2	4
264.68	1
265.17	2
265.65	3
266.14	4
266.62	1
267.1	2
267.59	3
268.07	4
268.55	1
269.04	2
269.52	3
270.01	4
270.49	1
270.97	2
271.45	3
271.94	4
272.42	1
272.91	2
273.39	3
273.88	4
274.36	1
274.84	2
275.33	3
275.81	4
276.3	1
276.78	2
277.26	3
277.75	4
278.23	1
278.71	2
279.19	3
279.69	4
280.16	1
280.65	2
281.13	3
281.62	4
282.1	1
282.58	2
283.07	3
283.56	4
284.04	1
284.52	2
285.0	3
285.49	4
285.97	1
286.46	2
286.94	3
287.43	4
287.91	1
288.39	2
288.88	3
289.37	4
289.87	1
290.34	2
290.82	3
291.29	4
291.78	1
292.26	2
292.75	3
293.23	4
293.71	1
294.2	2
294.68	3
295.17	4
295.65	1
296.13	2
296.62	3
297.1	4
297.58	1
298.07	2
298.55	3
299.04	4
299.52	1
300.01	2
300.49	3
300.98	4
301.46	1
301.94	2
302.42	3
302.91	4
303.39	1
303.87	2
304.36	3
304.87	4
305.36	1
305.82	2
306.31	3
306.79	4
307.27	1
307.74	2
308.23	3
308.72	4
309.2	1
309.68	2
