0.02	1
0.31	2
0.6	3
0.9	4
1.18	1
1.47	2
1.76	3
2.05	4
2.34	1
2.64	2
2.92	3
3.22	4
3.5	1
3.8	2
4.09	3
4.38	4
4.67	1
4.96	2
5.25	3
5.54	4
5.83	1
6.12	2
6.41	3
6.71	4
7.0	1
7.3	2
7.59	3
7.89	4
8.17	1
8.46	2
8.75	3
9.05	4
9.34	1
9.62	2
9.91	3
10.21	4
10.49	1
10.79	2
11.07	3
11.37	4
11.66	1
11.95	2
12.24	3
12.55	4
12.83	1
13.12	2
13.41	3
13.7	4
14.0	1
14.28	2
14.58	3
14.87	4
15.15	1
15.45	2
15.74	3
16.03	4
16.32	1
16.61	2
16.9	3
17.21	4
17.49	1
17.78	2
18.07	3
18.37	4
18.66	1
18.95	2
19.24	3
19.53	4
19.82	1
20.1	2
20.39	3
20.68	4
20.97	1
21.27	2
21.56	3
21.86	4
22.14	1
22.44	2
22.73	3
23.02	4
23.31	1
23.6	2
23.89	3
24.18	4
24.47	1
24.77	2
25.06	3
25.35	4
25.64	1
25.94	2
26.22	3
26.52	4
26.81	1
27.1	2
27.39	3
27.67	4
27.97	1
28.26	2
28.55	3
28.85	4
29.14	1
29.43	2
29.72	3
30.01	4
30.3	1
30.6	2
30.89	3
31.18	4
31.46	1
31.75	2
32.05	3
32.34	4
32.63	1
32.93	2
33.21	3
33.51	4
33.79	1
34.09	2
34.38	3
34.66	4
34.97	1
35.27	2
35.55	3
35.84	4
36.13	1
36.42	2
36.71	3
37.01	4
37.29	1
37.59	2
37.88	3
38.16	4
38.45	1
38.75	2
39.04	3
39.34	4
39.62	1
39.92	2
40.2	3
40.5	4
40.78	1
41.08	2
41.37	3
41.65	4
41.95	1
42.25	2
42.54	3
42.83	4
43.12	1
43.41	2
43.7	3
44.0	4
44.28	1
44.57	2
44.87	3
45.16	4
45.45	1
45.73	2
46.03	3
46.31	4
46.6	1
46.91	2
47.2	3
47.49	4
47.78	1
48.07	2
48.36	3
48.65	4
48.95	1
49.24	2
49.52	3
49.82	4
50.11	1
50.4	2
50.7	3
51.0	4
51.28	1
51.58	2
51.86	3
52.16	4
52.44	1
52.73	2
53.02	3
53.32	4
53.61	1
53.89	2
54.19	3
54.48	4
54.76	1
55.06	2
55.35	3
55.64	4
55.94	1
56.23	2
56.52	3
56.82	4
57.1	1
57.4	2
57.69	3
57.97	4
58.27	1
58.55	2
58.85	3
59.14	4
59.42	1
59.72	2
60.01	3
60.3	4
60.59	1
60.88	2
61.17	3
61.48	4
61.76	1
62.05	2
62.35	3
62.64	4
62.93	1
63.21	2
63.51	3
63.8	4
64.09	1
64.38	2
64.67	3
64.96	4
65.25	1
65.54	2
65.85	3
66.14	4
66.42	1
66.72	2
67.01	3
67.29	4
67.59	1
67.87	2
68.16	3
68.46	4
68.75	1
69.03	2
69.33	3
69.62	4
69.91	1
70.21	2
70.5	3
70.8	4
71.08	1
71.37	2
71.66	3
71.96	4
72.25	1
72.54	2
72.83	3
73.12	4
73.41	1
73.7	2
73.99	3
74.28	4
74.57	1
74.87	2
75.16	3
75.46	4
75.74	1
76.03	2
76.32	3
76.62	4
76.91	1
77.19	2
77.49	3
77.77	4
78.07	1
78.36	2
78.66	3
78.96	4
79.24	1
79.53	2
79.82	3
80.11	4
80.4	1
80.7	2
80.98	3
81.28	4
81.56	1
81.86	2
82.15	3
82.44	4
82.72	1
83.02	2
83.31	3
83.61	4
83.9	1
84.19	2
84.48	3
84.77	4
85.06	1
85.35	2
85.64	3
85.94	4
86.23	1
86.52	2
86.82	3
87.11	4
87.4	1
87.68	2
87.97	3
88.27	4
88.55	1
88.85	2
89.13	3
89.42	4
89.72	1
90.0	2
90.3	3
90.59	4
90.89	1
91.18	2
91.47	3
91.77	4
92.05	1
92.34	2
92.63	3
92.93	4
93.21	1
93.51	2
93.8	3
94.09	4
94.37	1
94.66	2
94.96	3
95.26	4
95.55	1
95.84	2
96.13	3
96.43	4
96.71	1
97.0	2
97.29	3
97.59	4
97.87	1
98.17	2
98.45	3
98.75	4
99.04	1
99.33	2
99.62	3
99.91	4
100.21	1
100.5	2
100.79	3
101.09	4
101.37	1
101.66	2
101.96	3
102.24	4
102.53	1
102.83	2
103.12	3
103.42	4
103.7	1
103.99	2
104.28	3
104.58	4
104.86	1
105.16	2
105.45	3
105.73	4
106.03	1
106.31	2
106.61	3
106.89	4
107.19	1
107.48	2
107.77	3
108.06	4
108.36	1
108.65	2
108.96	3
109.24	4
109.53	1
109.82	2
110.11	3
110.41	4
110.69	1
110.98	2
111.27	3
111.57	4
111.86	1
112.15	2
112.44	3
112.73	4
113.01	1
113.31	2
113.6	3
113.9	4
114.19	1
114.48	2
114.77	3
115.06	4
115.35	1
115.65	2
115.94	3
116.23	4
116.52	1
116.8	2
117.1	3
117.39	4
117.67	1
117.97	2
118.26	3
118.55	4
118.84	1
119.13	2
119.43	3
119.74	4
120.02	1
120.31	2
120.6	3
120.89	4
121.18	1
121.47	2
121.76	3
122.06	4
122.35	1
122.63	2
122.92	3
123.22	4
123.51	1
123.79	2
124.1	3
124.39	4
124.68	1
124.98	2
125.26	3
125.55	4
125.84	1
126.13	2
126.42	3
126.72	4
127.0	1
127.29	2
127.59	3
127.87	4
128.17	1
128.46	2
128.75	3
129.03	4
129.33	1
129.62	2
129.91	3
130.2	4
130.49	1
130.79	2
131.08	3
131.38	4
131.66	1
131.95	2
132.24	3
132.54	4
132.83	1
133.12	2
133.4	3
133.7	4
133.99	1
134.28	2
134.58	3
134.86	4
135.16	1
135.44	2
135.74	3
136.03	4
136.32	1
136.61	2
136.9	3
137.2	4
137.49	1
137.79	2
138.07	3
138.37	4
138.65	1
138.94	2
139.23	3
139.53	4
139.82	1
140.1	2
140.4	3
140.69	4
140.97	1
141.27	2
141.56	3
141.86	4
142.15	1
142.45	2
142.73	3
143.02	4
143.31	1
143.6	2
143.89	3
144.19	4
144.48	1
144.77	2
145.05	3
145.35	4
145.64	1
145.93	2
146.22	3
146.51	4
146.8	1
147.11	2
147.39	3
147.69	4
147.97	1
148.26	2
148.55	3
148.84	4
149.13	1
149.43	2
149.72	3
150.02	4
150.3	1
150.59	2
150.89	3
151.18	4
151.47	1
151.76	2
152.04	3
152.34	4
152.62	1
152.91	2
153.21	3
153.51	4
153.8	1
154.09	2
154.38	3
154.67	4
154.95	1
155.26	2
155.55	3
155.84	4
156.13	1
156.43	2
156.72	3
157.01	4
157.3	1
157.59	2
157.88	3
158.16	4
158.46	1
158.75	2
159.03	3
159.33	4
159.61	1
159.91	2
160.2	3
160.5	4
160.8	1
161.08	2
161.37	3
161.67	4
161.96	1
162.25	2
162.53	3
162.83	4
163.12	1
163.41	2
163.7	3
163.98	4
164.29	1
164.58	2
164.87	3
165.16	4
165.45	1
165.74	2
166.03	3
166.33	4
166.61	1
166.91	2
167.2	3
167.49	4
167.77	1
168.06	2
168.36	3
168.66	4
168.96	1
169.24	2
169.53	3
169.82	4
170.12	1
170.4	2
170.69	3
170.99	4
171.28	1
171.57	2
171.86	3
172.15	4
172.44	1
172.73	2
173.03	3
173.32	4
173.61	1
173.91	2
174.19	3
174.48	4
174.77	1
175.06	2
175.35	3
175.64	4
175.93	1
176.22	2
176.52	3
176.8	4
177.09	1
177.39	2
177.67	3
177.97	4
178.26	1
178.55	2
178.84	3
179.13	4
179.44	1
179.72	2
180.01	3
180.31	4
180.59	1
180.88	2
181.17	3
181.47	4
181.76	1
182.05	2
182.33	3
182.63	4
182.91	1
183.21	2
183.5	3
183.79	4
184.07	1
184.36	2
184.66	3
184.95	4
185.23	1
185.54	2
185.84	3
186.14	4
186.42	1
186.71	2
187.0	3
187.3	4
187.58	1
187.88	2
188.17	3
188.46	4
188.75	1
189.03	2
189.33	3
189.63	4
189.93	1
190.21	2
190.5	3
190.79	4
191.08	1
191.37	2
191.66	3
191.95	4
192.25	1
192.53	2
192.83	3
193.12	4
193.41	1
193.7	2
193.99	3
194.27	4
194.58	1
194.87	2
195.17	3
195.45	4
195.74	1
196.03	2
196.32	3
196.62	4
196.9	1
197.19	2
197.48	3
197.78	4
198.07	1
198.36	2
198.65	3
198.94	4
199.23	1
199.52	2
199.81	3
200.11	4
200.4	1
200.69	2
200.98	3
201.28	4
201.56	1
201.86	2
202.15	3
202.44	4
202.73	1
203.02	2
203.31	3
203.6	4
203.89	1
204.18	2
204.47	3
204.77	4
205.06	1
205.36	2
205.64	3
205.94	4
206.22	1
206.51	2
206.8	3
207.1	4
207.39	1
207.67	2
207.97	3
208.26	4
208.55	1
208.84	2
209.13	3
209.43	4
209.72	1
210.02	2
210.3	3
210.6	4
210.88	1
211.18	2
211.47	3
211.76	4
