2.37	1
2.65	2
2.95	3
3.23	4
3.53	1
3.82	2
4.11	3
4.39	4
4.69	1
4.97	2
5.26	3
5.55	4
5.84	1
6.13	2
6.42	3
6.71	4
7.0	1
7.29	2
7.58	3
7.87	4
8.16	1
8.45	2
8.74	3
9.03	4
9.32	1
9.61	2
9.9	3
10.19	4
10.48	1
10.77	2
11.06	3
11.35	4
11.64	1
11.93	2
12.23	3
12.51	4
12.8	1
13.09	2
13.39	3
13.67	4
13.96	1
14.25	2
14.55	3
14.83	4
15.13	1
15.41	2
15.7	3
15.99	4
16.29	1
16.57	2
16.87	3
17.15	4
17.45	1
17.73	2
18.02	3
18.31	4
18.6	1
18.9	2
19.18	3
19.47	4
19.76	1
20.05	2
20.35	3
20.63	4
20.93	1
21.22	2
21.51	3
21.79	4
22.09	1
22.38	2
22.67	3
22.95	4
23.25	1
23.54	2
23.83	3
24.12	4
24.41	1
24.7	2
24.98	3
25.28	4
25.56	1
25.86	2
26.14	3
26.44	4
26.73	1
27.01	2
27.3	3
27.59	4
27.89	1
28.18	2
28.46	3
28.76	4
29.05	1
29.34	2
29.63	3
29.92	4
30.21	1
30.49	2
30.78	3
31.08	4
31.37	1
31.66	2
31.94	3
32.24	4
32.53	1
32.81	2
33.1	3
33.4	4
33.69	1
33.98	2
34.27	3
34.56	4
34.85	1
35.14	2
35.42	3
35.72	4
36.01	1
36.3	2
36.59	3
36.88	4
37.17	1
37.47	2
37.75	3
38.04	4
38.34	1
38.62	2
38.91	3
39.21	4
39.5	1
39.78	2
40.07	3
40.36	4
40.66	1
40.95	2
41.23	3
41.52	4
41.81	1
42.1	2
42.39	3
42.68	4
42.98	1
43.26	2
43.55	3
43.85	4
44.14	1
44.43	2
44.71	3
45.01	4
45.3	1
45.58	2
45.87	3
46.16	4
46.45	1
46.75	2
47.03	3
47.32	4
47.61	1
47.9	2
48.2	3
48.49	4
48.78	1
49.07	2
49.35	3
49.64	4
49.94	1
50.23	2
50.51	3
50.81	4
51.1	1
51.39	2
51.68	3
51.97	4
52.26	1
52.54	2
52.83	3
53.13	4
53.41	1
53.71	2
53.99	3
54.29	4
54.58	1
54.87	2
55.16	3
55.45	4
55.74	1
56.03	2
56.32	3
56.61	4
56.91	1
57.19	2
57.48	3
57.77	4
58.06	1
58.35	2
58.64	3
58.93	4
59.22	1
59.51	2
59.8	3
60.09	4
60.38	1
60.67	2
60.96	3
61.25	4
61.54	1
61.83	2
62.13	3
62.42	4
62.7	1
62.99	2
63.28	3
63.57	4
63.86	1
64.16	2
64.44	3
64.73	4
65.03	1
65.31	2
65.61	3
65.9	4
66.18	1
66.48	2
66.76	3
67.05	4
67.34	1
67.63	2
67.92	3
68.22	4
68.5	1
68.79	2
69.08	3
69.37	4
69.66	1
69.96	2
70.25	3
70.54	4
70.83	1
71.12	2
71.41	3
71.7	4
71.98	1
72.28	2
72.56	3
72.86	4
73.14	1
73.43	2
73.72	3
74.01	4
74.31	1
74.6	2
74.89	3
75.17	4
75.47	1
75.75	2
76.05	3
76.34	4
76.63	1
76.92	2
77.2	3
77.5	4
77.79	1
78.08	2
78.37	3
78.66	4
78.95	1
79.24	2
79.53	3
79.82	4
80.11	1
80.4	2
80.69	3
80.98	4
81.28	1
81.57	2
81.85	3
82.15	4
82.43	1
82.72	2
83.01	3
83.3	4
83.6	1
83.89	2
84.17	3
84.47	4
84.76	1
85.05	2
85.33	3
85.62	4
85.92	1
86.2	2
86.49	3
86.79	4
87.08	1
87.36	2
87.65	3
87.94	4
88.24	1
88.53	2
88.81	3
89.1	4
89.4	1
89.68	2
89.97	3
90.26	4
90.56	1
90.84	2
91.13	3
91.43	4
91.72	1
92.01	2
92.29	3
92.59	4
92.87	1
93.16	2
93.45	3
93.75	4
94.04	1
94.33	2
94.62	3
94.9	4
95.2	1
95.49	2
95.78	3
96.07	4
96.36	1
96.64	2
96.93	3
97.23	4
97.51	1
97.81	2
98.09	3
98.39	4
98.68	1
98.97	2
99.26	3
99.55	4
99.84	1
100.12	2
100.42	3
100.71	4
100.99	1
101.29	2
101.58	3
101.87	4
102.16	1
102.45	2
102.74	3
103.03	4
103.32	1
103.61	2
103.9	3
104.19	4
104.48	1
104.77	2
105.06	3
105.35	4
105.64	1
105.93	2
106.22	3
106.52	4
106.8	1
107.1	2
107.38	3
107.68	4
107.96	1
108.25	2
108.54	3
108.83	4
109.13	1
109.41	2
109.7	3
109.99	4
110.29	1
110.58	2
110.86	3
111.16	4
111.45	1
111.73	2
112.03	3
112.31	4
112.61	1
112.9	2
113.18	3
113.48	4
113.77	1
114.06	2
114.34	3
114.64	4
114.92	1
115.22	2
115.5	3
115.8	4
116.09	1
116.38	2
116.67	3
116.96	4
117.25	1
117.53	2
117.82	3
118.12	4
118.41	1
118.7	2
118.98	3
119.28	4
119.57	1
119.86	2
120.14	3
120.44	4
120.73	1
121.02	2
121.31	3
121.6	4
121.89	1
122.18	2
122.47	3
122.77	4
123.05	1
123.34	2
123.63	3
123.93	4
124.22	1
124.51	2
124.79	3
125.09	4
125.37	1
125.66	2
125.95	3
126.24	4
126.53	1
126.82	2
127.11	3
127.4	4
127.69	1
127.99	2
128.27	3
128.56	4
128.86	1
129.15	2
129.43	3
129.72	4
130.02	1
130.31	2
130.59	3
130.89	4
131.18	1
131.47	2
131.75	3
132.05	4
132.33	1
132.62	2
132.91	3
133.21	4
133.49	1
133.79	2
134.07	3
134.37	4
134.65	1
134.95	2
135.23	3
135.53	4
135.82	1
136.11	2
136.4	3
136.68	4
137.09	1
137.55	2
138.13	3
138.71	4
139.3	1
139.88	2
140.46	3
141.04	4
141.62	1
142.19	2
142.78	3
143.35	4
143.94	1
144.52	2
145.09	3
145.68	4
146.26	1
146.84	2
147.42	3
148.0	4
148.58	1
149.17	2
149.74	3
150.32	4
150.91	1
151.48	2
152.06	3
152.64	4
153.23	1
153.8	2
154.38	3
154.96	4
155.55	1
156.12	2
156.71	3
157.28	4
157.86	1
158.44	2
159.03	3
159.6	4
160.19	1
160.77	2
161.35	3
161.94	4
162.51	1
163.08	2
163.67	3
164.25	4
164.83	1
165.41	2
166.0	3
166.57	4
167.15	1
167.73	2
168.32	3
168.89	4
169.47	1
170.05	2
170.63	3
171.2	4
171.79	1
172.37	2
172.95	3
173.53	4
174.12	1
174.69	2
175.27	3
175.85	4
176.44	1
177.01	2
177.6	3
178.17	4
178.75	1
179.33	2
179.92	3
180.5	4
181.08	1
181.66	2
182.24	3
182.81	4
183.4	1
183.98	2
184.56	3
185.14	4
185.73	1
186.3	2
186.89	3
187.46	4
188.04	1
188.62	2
189.2	3
189.78	4
190.36	1
190.94	2
191.52	3
192.1	4
192.68	1
193.26	2
193.84	3
194.42	4
195.0	1
195.58	2
196.16	3
196.74	4
197.32	1
197.9	2
198.48	3
199.06	4
199.65	1
200.22	2
200.81	3
201.38	4
201.97	1
202.54	2
203.13	3
203.71	4
204.29	1
204.87	2
205.46	3
206.03	4
206.61	1
207.19	2
207.77	3
208.35	4
208.97	1
209.61	2
210.22	3
210.87	4
211.47	1
212.1	2
212.76	3
213.39	4
213.99	1
214.62	2
