0.02	1
0.53	2
1.01	3
1.51	4
2.01	1
2.5	2
3.0	3
3.5	4
3.99	1
4.5	2
4.98	3
5.48	4
5.97	1
6.48	2
6.97	3
7.46	4
7.95	1
8.46	2
8.95	3
9.45	4
9.94	1
10.44	2
10.95	3
11.43	4
11.92	1
12.43	2
12.91	3
13.41	4
13.91	1
14.41	2
14.9	3
15.4	4
15.89	1
16.39	2
16.88	3
17.38	4
17.87	1
18.37	2
18.87	3
19.36	4
19.86	1
20.35	2
20.84	3
21.35	4
21.85	1
22.34	2
22.83	3
23.34	4
23.83	1
24.32	2
24.81	3
25.31	4
25.81	1
26.31	2
26.78	3
27.3	4
27.79	1
28.29	2
28.79	3
29.28	4
29.77	1
30.27	2
30.76	3
31.27	4
31.76	1
32.26	2
32.74	3
33.24	4
33.74	1
34.24	2
34.73	3
35.22	4
35.72	1
36.23	2
36.71	3
37.22	4
37.7	1
38.22	2
38.71	3
39.2	4
39.69	1
40.19	2
40.68	3
41.18	4
41.67	1
42.18	2
42.66	3
43.16	4
43.66	1
44.17	2
44.65	3
45.15	4
45.64	1
46.15	2
46.63	3
47.13	4
47.63	1
48.12	2
48.62	3
49.12	4
49.6	1
50.11	2
50.6	3
51.1	4
51.59	1
52.1	2
52.58	3
53.08	4
53.58	1
54.08	2
54.56	3
55.07	4
55.56	1
56.06	2
56.55	3
57.05	4
57.54	1
58.05	2
58.53	3
59.03	4
59.53	1
60.03	2
60.51	3
61.02	4
61.5	1
62.01	2
62.5	3
63.0	4
63.49	1
63.99	2
64.48	3
64.98	4
65.48	1
65.98	2
66.47	3
66.97	4
67.46	1
67.96	2
68.45	3
68.95	4
69.44	1
69.94	2
70.44	3
70.94	4
71.43	1
71.93	2
72.41	3
72.91	4
73.41	1
73.91	2
74.41	3
74.91	4
75.4	1
75.9	2
76.39	3
76.88	4
77.38	1
77.88	2
78.37	3
78.87	4
79.37	1
79.86	2
80.35	3
80.86	4
81.34	1
81.84	2
82.33	3
82.83	4
83.33	1
83.82	2
84.32	3
84.81	4
85.31	1
85.81	2
86.31	3
86.81	4
87.3	1
87.8	2
88.29	3
88.79	4
89.27	1
89.78	2
90.28	3
90.76	4
91.26	1
91.76	2
92.25	3
92.75	4
93.23	1
93.74	2
94.23	3
94.74	4
95.23	1
95.73	2
96.21	3
96.72	4
97.21	1
97.72	2
98.19	3
98.69	4
99.19	1
99.7	2
100.18	3
100.69	4
101.17	1
101.67	2
102.16	3
102.66	4
103.17	1
103.66	2
104.16	3
104.65	4
105.14	1
105.64	2
106.14	3
106.63	4
107.13	1
107.63	2
108.13	3
108.62	4
109.1	1
109.61	2
110.1	3
110.6	4
111.1	1
111.6	2
112.09	3
112.58	4
113.08	1
113.58	2
114.08	3
114.57	4
115.06	1
115.56	2
116.05	3
116.56	4
117.05	1
117.55	2
118.03	3
118.53	4
119.04	1
119.53	2
120.03	3
120.52	4
121.01	1
121.52	2
122.0	3
122.5	4
122.99	1
123.49	2
123.99	3
124.49	4
124.97	1
125.48	2
125.96	3
126.47	4
126.96	1
127.47	2
127.95	3
128.44	4
128.95	1
129.44	2
129.94	3
130.44	4
130.93	1
131.43	2
131.92	3
132.42	4
132.91	1
133.41	2
133.9	3
134.4	4
134.9	1
135.39	2
135.88	3
136.39	4
136.88	1
137.37	2
137.88	3
138.37	4
138.86	1
139.36	2
139.85	3
140.35	4
140.85	1
141.33	2
141.84	3
142.34	4
142.83	1
143.33	2
143.81	3
144.31	4
144.82	1
145.31	2
145.8	3
146.31	4
146.8	1
147.3	2
147.78	3
148.29	4
148.78	1
149.28	2
149.77	3
150.27	4
150.76	1
151.26	2
151.75	3
152.25	4
152.76	1
153.24	2
153.74	3
154.23	4
154.72	1
155.23	2
155.72	3
156.23	4
156.71	1
157.21	2
157.7	3
158.2	4
158.7	1
159.19	2
159.69	3
160.18	4
160.68	1
161.17	2
161.67	3
162.16	4
162.65	1
163.15	2
163.66	3
164.16	4
164.64	1
165.16	2
165.64	3
166.14	4
166.63	1
167.13	2
167.61	3
168.12	4
168.61	1
169.12	2
169.61	3
170.1	4
170.6	1
171.1	2
171.59	3
172.09	4
172.58	1
173.08	2
173.57	3
174.08	4
174.56	1
175.06	2
175.55	3
176.05	4
176.55	1
177.04	2
177.54	3
178.03	4
178.53	1
179.03	2
179.51	3
180.02	4
180.51	1
181.01	2
181.51	3
182.0	4
182.5	1
183.0	2
183.49	3
183.99	4
184.48	1
184.98	2
185.47	3
185.97	4
186.47	1
186.97	2
187.46	3
187.95	4
188.45	1
188.95	2
189.44	3
189.94	4
190.44	1
190.93	2
191.42	3
191.92	4
192.41	1
192.92	2
193.41	3
193.9	4
194.39	1
194.9	2
195.38	3
195.89	4
196.38	1
196.88	2
197.38	3
197.87	4
198.36	1
198.86	2
199.36	3
199.85	4
200.34	1
200.85	2
201.34	3
201.83	4
202.33	1
202.84	2
203.32	3
203.83	4
204.31	1
204.82	2
205.3	3
205.8	4
206.3	1
206.8	2
207.29	3
207.79	4
208.28	1
208.79	2
209.27	3
209.76	4
210.27	1
210.76	2
211.25	3
211.75	4
212.24	1
212.75	2
213.24	3
213.74	4
214.24	1
214.73	2
215.22	3
215.72	4
216.21	1
216.72	2
217.2	3
217.7	4
218.19	1
218.69	2
219.19	3
219.69	4
220.18	1
220.68	2
221.17	3
221.67	4
222.17	1
222.66	2
223.15	3
223.66	4
224.15	1
224.65	2
225.14	3
225.64	4
226.13	1
226.62	2
227.12	3
227.63	4
228.11	1
228.62	2
229.1	3
229.6	4
230.1	1
230.61	2
231.09	3
231.59	4
232.08	1
232.59	2
233.07	3
233.57	4
234.07	1
234.57	2
235.06	3
235.56	4
236.06	1
236.55	2
237.05	3
237.54	4
238.04	1
238.53	2
239.02	3
239.53	4
240.01	1
240.51	2
241.01	3
241.51	4
242.0	1
242.51	2
242.99	3
243.5	4
243.98	1
244.5	2
244.98	3
245.48	4
245.98	1
246.47	2
246.96	3
247.46	4
247.94	1
248.46	2
248.95	3
249.44	4
249.94	1
250.44	2
250.93	3
251.43	4
251.91	1
252.42	2
252.91	3
253.42	4
253.9	1
254.4	2
254.91	3
255.4	4
255.88	1
256.39	2
256.88	3
257.37	4
257.86	1
258.38	2
258.86	3
259.35	4
259.85	1
260.35	2
260.83	3
261.34	4
261.83	1
262.33	2
262.82	3
263.33	4
263.82	1
264.32	2
264.81	3
265.31	4
265.8	1
266.31	2
266.79	3
267.3	4
267.79	1
268.28	2
268.78	3
269.28	4
269.77	1
270.28	2
270.76	3
271.26	4
271.78	1
272.25	2
272.74	3
273.2	4
273.68	1
274.18	2
274.64	3
275.14	4
275.62	1
276.08	2
276.56	3
277.06	4
277.54	1
278.0	2
278.48	3
278.96	4
279.45	1
279.94	2
280.42	3
280.9	4
281.38	1
281.84	2
282.32	3
282.8	4
