0.24	2
0.67	3
1.12	4
1.58	1
2.04	2
2.48	3
2.93	4
3.37	1
3.84	2
4.27	3
4.72	4
5.17	1
5.6	2
6.05	3
6.51	4
6.96	1
7.38	2
7.84	3
8.28	4
8.73	1
9.2	2
9.63	3
10.1	4
10.54	1
11.0	2
11.43	3
11.89	4
12.33	1
12.79	2
13.23	3
13.68	4
14.12	1
14.56	2
15.01	3
15.46	4
15.9	1
16.37	2
16.81	3
17.26	4
17.7	1
18.15	2
18.59	3
19.04	4
19.49	1
19.94	2
20.38	3
20.84	4
21.29	1
21.74	2
22.18	3
22.63	4
23.07	1
23.53	2
23.98	3
24.42	4
24.86	1
25.32	2
25.76	3
26.21	4
26.66	1
27.11	2
27.56	3
28.0	4
28.45	1
28.89	2
29.34	3
29.79	4
30.24	1
30.69	2
31.13	3
31.58	4
32.03	1
32.49	2
32.92	3
33.38	4
33.82	1
34.28	2
34.71	3
35.16	4
35.62	1
36.07	2
36.52	3
36.97	4
37.42	1
37.87	2
38.29	3
38.73	4
39.18	1
39.64	2
40.07	3
40.54	4
40.98	1
41.44	2
41.88	3
42.34	4
42.77	1
43.24	2
43.67	3
44.14	4
44.57	1
45.02	2
45.46	3
45.91	4
46.35	1
46.81	2
47.24	3
47.71	4
48.15	1
48.6	2
49.04	3
49.5	4
49.93	1
50.39	2
50.83	3
51.3	4
51.73	1
52.16	2
52.62	3
53.08	4
53.51	1
53.98	2
54.41	3
54.87	4
55.32	1
55.77	2
56.21	3
56.66	4
57.12	1
57.56	2
58.0	3
58.45	4
58.9	1
59.35	2
59.79	3
60.24	4
60.69	1
61.13	2
61.59	3
62.03	4
62.48	1
62.94	2
63.38	3
63.82	4
64.26	1
64.72	2
65.17	3
65.62	4
66.07	1
66.51	2
66.96	3
67.41	4
67.85	1
68.29	2
68.75	3
69.2	4
69.65	1
70.09	2
70.54	3
70.99	4
71.43	1
71.89	2
72.33	3
72.78	4
73.23	1
73.67	2
74.11	3
74.57	4
75.02	1
75.47	2
75.91	3
76.37	4
76.81	1
77.26	2
77.7	3
78.16	4
78.59	1
79.04	2
79.49	3
79.94	4
80.39	1
80.83	2
81.27	3
81.74	4
82.18	1
82.63	2
83.07	3
83.52	4
83.97	1
84.43	2
84.86	3
85.32	4
85.76	1
86.22	2
86.65	3
87.11	4
87.57	1
88.0	2
88.45	3
88.91	4
89.35	1
89.8	2
90.23	3
90.7	4
91.13	1
91.59	2
92.03	3
92.49	4
92.92	1
93.37	2
93.82	3
94.27	4
94.72	1
95.17	2
95.61	3
96.07	4
96.51	1
96.97	2
97.4	3
97.86	4
98.3	1
98.75	2
99.19	3
99.66	4
100.09	1
100.52	2
100.97	3
101.43	4
101.86	1
102.33	2
102.77	3
103.23	4
103.67	1
104.13	2
104.56	3
105.02	4
105.46	1
105.92	2
106.36	3
106.82	4
107.26	1
107.69	2
108.14	3
108.61	4
109.04	1
109.51	2
109.94	3
110.39	4
110.84	1
111.29	2
111.73	3
112.18	4
112.63	1
113.08	2
113.52	3
113.98	4
114.43	1
114.87	2
115.31	3
115.77	4
116.21	1
116.67	2
117.1	3
117.56	4
117.99	1
118.46	2
118.89	3
119.35	4
119.8	1
120.25	2
120.69	3
121.14	4
121.59	1
122.03	2
122.48	3
122.94	4
123.38	1
123.83	2
124.27	3
124.72	4
125.17	1
125.63	2
126.06	3
126.51	4
126.96	1
127.41	2
127.85	3
128.3	4
128.75	1
129.21	2
129.64	3
130.09	4
130.54	1
131.0	2
131.45	3
131.87	4
132.32	1
132.78	2
133.21	3
133.67	4
134.11	1
134.58	2
135.03	3
135.47	4
135.91	1
136.38	2
136.81	3
137.27	4
137.7	1
138.15	2
138.6	3
139.05	4
139.49	1
139.95	2
140.38	3
140.85	4
141.3	1
141.74	2
142.18	3
142.64	4
143.08	1
143.54	2
143.97	3
144.43	4
144.85	1
145.32	2
145.76	3
146.21	4
146.66	1
147.12	2
147.55	3
148.0	4
148.45	1
148.9	2
149.35	3
149.79	4
150.23	1
150.7	2
151.14	3
151.59	4
152.03	1
152.48	2
152.92	3
153.38	4
153.83	1
154.27	2
154.72	3
155.17	4
155.63	1
156.07	2
156.51	3
156.96	4
157.4	1
157.86	2
158.3	3
158.76	4
159.2	1
159.65	2
160.09	3
160.55	4
160.99	1
161.42	2
161.88	3
162.34	4
162.79	1
163.24	2
163.67	3
164.12	4
164.57	1
165.03	2
165.47	3
165.91	4
166.36	1
166.82	2
167.25	3
167.71	4
168.16	1
168.61	2
169.05	3
169.49	4
169.94	1
170.4	2
170.86	3
171.31	4
171.73	1
172.19	2
172.61	3
173.08	4
173.52	1
173.97	2
174.41	3
174.88	4
175.33	1
175.77	2
176.21	3
176.66	4
177.1	1
177.56	2
177.99	3
178.45	4
178.9	1
179.33	2
179.78	3
180.23	4
180.68	1
181.14	2
181.57	3
182.04	4
182.48	1
182.93	2
183.38	3
183.82	4
184.29	1
184.73	2
185.16	3
185.62	4
186.06	1
186.51	2
186.95	3
187.4	4
187.85	1
188.31	2
188.76	3
189.19	4
189.65	1
190.08	2
190.53	3
190.99	4
191.44	1
191.88	2
192.33	3
192.78	4
193.25	1
193.67	2
194.12	3
194.57	4
195.02	1
195.47	2
195.92	3
196.38	4
196.81	1
197.27	2
197.71	3
198.15	4
198.6	1
199.04	2
199.5	3
199.94	4
200.39	1
200.83	2
201.29	3
201.73	4
202.18	1
202.63	2
203.08	3
203.52	4
203.98	1
204.43	2
204.86	3
205.31	4
205.76	1
206.22	2
206.65	3
207.1	4
207.55	1
208.01	2
208.46	3
208.9	4
209.35	1
209.81	2
210.24	3
210.7	4
211.13	1
211.57	2
212.03	3
212.48	4
212.93	1
213.37	2
213.83	3
214.26	4
214.72	1
215.16	2
215.61	3
216.07	4
216.53	1
216.98	2
217.41	3
217.87	4
218.33	1
218.82	2
219.29	3
219.76	4
220.23	1
220.7	2
221.17	3
221.64	4
222.11	1
222.58	2
223.03	3
