1.79	2
2.27	3
2.74	4
3.19	1
3.68	2
4.13	3
4.6	4
5.07	1
5.54	2
6.03	3
6.48	4
6.98	1
7.46	2
7.92	3
8.42	4
8.88	1
9.35	2
9.82	3
10.31	4
10.77	1
11.23	2
11.68	3
12.15	4
12.59	1
13.05	2
13.51	3
13.98	4
14.44	1
14.89	2
15.33	3
15.77	4
16.18	1
16.63	2
17.04	3
17.5	4
17.92	1
18.37	2
18.8	3
19.24	4
19.68	1
20.14	2
20.58	3
21.0	4
21.45	1
21.89	2
22.32	3
22.77	4
23.22	1
23.65	2
24.08	3
24.52	4
24.97	1
25.41	2
25.86	3
26.29	4
26.74	1
27.18	2
27.65	3
28.07	4
28.53	1
28.94	2
29.39	3
29.81	4
30.25	1
30.66	2
31.11	3
31.54	4
31.96	1
32.37	2
32.82	3
33.23	4
33.67	1
34.09	2
34.53	3
34.96	4
35.38	1
35.81	2
36.24	3
36.66	4
37.1	1
37.52	2
37.96	3
38.38	4
38.81	1
39.24	2
39.67	3
40.09	4
40.53	1
40.95	2
41.39	3
41.82	4
42.25	1
42.67	2
43.1	3
43.52	4
43.96	1
44.37	2
44.82	3
45.23	4
45.67	1
46.09	2
46.53	3
46.95	4
47.39	1
47.81	2
48.25	3
48.67	4
49.11	1
49.52	2
49.96	3
50.38	4
50.82	1
51.23	2
51.67	3
52.1	4
52.53	1
52.95	2
53.39	3
53.81	4
54.24	1
54.67	2
55.1	3
55.53	4
55.96	1
56.39	2
56.82	3
57.24	4
57.67	1
58.09	2
58.53	3
58.97	4
59.4	1
59.82	2
60.25	3
60.67	4
61.1	1
61.52	2
61.96	3
62.39	4
62.81	1
63.24	2
63.67	3
64.09	4
64.53	1
64.95	2
65.38	3
65.8	4
66.24	1
66.66	2
67.1	3
67.52	4
67.96	1
68.38	2
68.81	3
69.24	4
69.67	1
70.1	2
70.53	3
70.95	4
71.38	1
71.81	2
72.24	3
72.66	4
73.09	1
73.52	2
73.96	3
74.38	4
74.82	1
75.24	2
75.68	3
76.09	4
76.52	1
76.94	2
77.39	3
77.8	4
78.24	1
78.66	2
79.1	3
79.52	4
79.95	1
80.38	2
80.82	3
81.24	4
81.67	1
82.1	2
82.53	3
82.96	4
83.39	1
83.81	2
84.24	3
84.67	4
85.1	1
85.52	2
85.96	3
86.38	4
86.81	1
87.23	2
87.68	3
88.1	4
88.53	1
88.95	2
89.39	3
89.82	4
90.24	1
90.68	2
91.1	3
91.52	4
91.96	1
92.38	2
92.82	3
93.24	4
93.67	1
94.09	2
94.53	3
94.95	4
95.38	1
95.81	2
96.25	3
96.67	4
97.11	1
97.53	2
97.96	3
98.38	4
98.81	1
99.23	2
99.67	3
100.1	4
100.52	1
100.95	2
101.38	3
101.81	4
102.24	1
102.67	2
103.1	3
103.53	4
103.95	1
104.38	2
104.82	3
105.24	4
105.67	1
106.08	2
106.53	3
106.96	4
107.38	1
107.8	2
108.25	3
108.67	4
109.09	1
109.52	2
109.96	3
110.39	4
110.81	1
111.24	2
111.67	3
112.1	4
112.53	1
112.95	2
113.39	3
113.81	4
114.24	1
114.65	2
115.1	3
115.52	4
115.95	1
116.38	2
116.81	3
117.24	4
117.66	1
118.1	2
118.53	3
118.95	4
119.39	1
119.81	2
120.24	3
120.67	4
121.1	1
121.52	2
121.96	3
122.39	4
122.81	1
123.24	2
123.67	3
124.1	4
124.52	1
124.95	2
125.39	3
125.81	4
126.24	1
126.66	2
127.1	3
127.53	4
127.95	1
128.38	2
128.82	3
129.24	4
129.67	1
130.1	2
130.53	3
130.96	4
131.39	1
131.81	2
132.25	3
132.67	4
133.1	1
133.52	2
133.96	3
134.37	4
134.81	1
135.25	2
135.67	3
136.09	4
136.53	1
136.95	2
137.39	3
137.81	4
138.24	1
138.66	2
139.1	3
139.52	4
139.96	1
140.37	2
140.81	3
141.24	4
141.67	1
142.1	2
142.53	3
142.96	4
143.38	1
143.81	2
144.24	3
144.67	4
145.1	1
145.53	2
145.96	3
146.38	4
146.81	1
147.24	2
147.67	3
148.1	4
148.53	1
148.94	2
149.39	3
149.8	4
150.24	1
150.67	2
151.1	3
151.53	4
151.95	1
152.39	2
152.82	3
153.24	4
153.66	1
154.09	2
154.53	3
154.94	4
155.38	1
155.8	2
156.24	3
156.66	4
157.1	1
157.52	2
157.96	3
158.39	4
158.81	1
159.24	2
159.67	3
160.1	4
160.53	1
160.95	2
161.38	3
161.81	4
162.25	1
162.66	2
163.1	3
163.52	4
163.94	1
164.38	2
164.82	3
165.24	4
165.66	1
166.1	2
166.53	3
166.95	4
167.38	1
167.8	2
168.24	3
168.67	4
169.09	1
169.53	2
169.96	3
170.38	4
170.82	1
171.24	2
171.67	3
172.11	4
172.52	1
172.95	2
173.38	3
173.81	4
174.24	1
174.68	2
175.1	3
175.52	4
175.96	1
176.38	2
176.82	3
177.24	4
177.66	1
178.1	2
178.53	3
178.95	4
179.38	1
179.81	2
180.25	3
180.67	4
181.09	1
181.53	2
181.96	3
182.38	4
182.81	1
183.24	2
183.67	3
184.09	4
184.53	1
184.95	2
185.38	3
185.82	4
186.25	1
186.67	2
187.1	3
187.52	4
187.95	1
188.38	2
188.81	3
189.23	4
189.67	1
190.1	2
190.53	3
190.95	4
191.39	1
191.81	2
192.24	3
192.67	4
193.09	1
193.52	2
193.95	3
194.37	4
194.82	1
195.23	2
195.68	3
196.1	4
196.52	1
196.95	2
197.39	3
197.81	4
198.24	1
198.66	2
199.1	3
199.54	4
199.96	1
200.38	2
200.82	3
201.24	4
201.67	1
202.09	2
202.53	3
202.95	4
203.38	1
203.81	2
204.25	3
204.66	4
205.09	1
205.53	2
205.96	3
206.39	4
206.81	1
207.24	2
207.67	3
208.1	4
208.53	1
208.95	2
209.39	3
209.82	4
210.24	1
210.67	2
211.1	3
211.51	4
211.96	1
212.38	2
212.81	3
213.24	4
213.67	1
214.1	2
214.53	3
214.96	4
215.38	1
215.81	2
216.24	3
216.67	4
217.1	1
217.53	2
217.96	3
218.38	4
218.81	1
219.24	2
219.67	3
220.11	4
220.53	1
220.95	2
221.39	3
221.8	4
222.24	1
222.66	2
223.1	3
223.53	4
223.95	1
224.39	2
224.82	3
225.24	4
225.66	1
226.1	2
226.53	3
226.96	4
227.38	1
227.81	2
228.24	3
228.67	4
229.1	1
229.52	2
229.96	3
230.39	4
230.81	1
231.23	2
231.67	3
232.09	4
232.53	1
232.95	2
233.38	3
233.81	4
234.24	1
234.67	2
235.1	3
235.52	4
235.96	1
236.38	2
236.82	3
237.24	4
237.67	1
238.1	2
238.53	3
238.95	4
239.38	1
239.81	2
240.25	3
240.68	4
241.09	1
241.52	2
241.96	3
242.38	4
242.82	1
243.23	2
243.67	3
244.1	4
244.52	1
244.95	2
245.39	3
245.81	4
246.24	1
246.66	2
247.1	3
247.53	4
247.95	1
248.38	2
248.82	3
249.24	4
249.68	1
250.09	2
250.53	3
250.96	4
251.38	1
251.81	2
252.24	3
252.67	4
253.1	1
253.52	2
253.96	3
254.39	4
254.81	1
255.24	2
255.65	3
256.09	4
256.52	1
256.94	2
257.36	3
257.81	4
258.24	1
258.67	2
259.08	3
259.56	4
260.05	1
260.54	2
261.0	3
261.48	4
261.98	1
262.46	2
262.92	3
263.4	4
263.89	1
264.38	2
264.84	3
265.33	4
265.8	1
266.3	2
266.78	3
