0.06	1
0.36	2
0.65	3
0.96	4
1.25	1
1.55	2
1.85	3
2.15	4
2.46	1
2.75	2
3.05	3
3.35	4
3.66	1
3.96	2
4.25	3
4.55	4
4.86	1
5.16	2
5.45	3
5.75	4
6.06	1
6.36	2
6.65	3
6.96	4
7.26	1
7.55	2
7.85	3
8.15	4
8.46	1
8.75	2
9.05	3
9.35	4
9.66	1
9.95	2
10.26	3
10.55	4
10.85	1
11.16	2
11.45	3
11.75	4
12.06	1
12.35	2
12.66	3
12.95	4
13.26	1
13.55	2
13.86	3
14.15	4
14.46	1
14.75	2
15.05	3
15.35	4
15.65	1
15.96	2
16.26	3
16.55	4
16.86	1
17.16	2
17.46	3
17.75	4
18.06	1
18.35	2
18.66	3
18.95	4
19.25	1
19.55	2
19.85	3
20.15	4
20.45	1
20.76	2
21.06	3
21.35	4
21.65	1
21.95	2
22.25	3
22.56	4
22.85	1
23.15	2
23.45	3
23.75	4
24.06	1
24.35	2
24.66	3
24.95	4
25.25	1
25.56	2
25.85	3
26.15	4
26.45	1
26.75	2
27.05	3
27.35	4
27.66	1
27.95	2
28.26	3
28.55	4
28.85	1
29.15	2
29.45	3
29.76	4
30.06	1
30.36	2
30.66	3
30.96	4
31.26	1
31.56	2
31.85	3
32.16	4
32.45	1
32.75	2
33.05	3
33.35	4
33.65	1
33.95	2
34.25	3
34.55	4
34.85	1
35.15	2
35.45	3
35.75	4
36.05	1
36.35	2
36.65	3
36.95	4
37.25	1
37.56	2
37.85	3
38.15	4
38.46	1
38.75	2
39.06	3
39.35	4
39.65	1
39.96	2
40.25	3
40.55	4
40.85	1
41.15	2
41.46	3
41.75	4
42.06	1
42.35	2
42.65	3
42.95	4
43.25	1
43.55	2
43.85	3
44.15	4
44.46	1
44.75	2
45.05	3
45.35	4
45.65	1
45.95	2
46.26	3
46.55	4
46.85	1
47.15	2
47.46	3
47.75	4
48.06	1
48.35	2
48.65	3
48.96	4
49.25	1
49.55	2
49.85	3
50.16	4
50.45	1
50.75	2
51.05	3
51.35	4
51.65	1
51.95	2
52.25	3
52.55	4
52.85	1
53.15	2
53.45	3
53.75	4
54.05	1
54.36	2
54.65	3
54.96	4
55.25	1
55.55	2
55.85	3
56.15	4
56.46	1
56.75	2
57.05	3
57.36	4
57.66	1
57.96	2
58.26	3
58.55	4
58.85	1
59.15	2
59.46	3
59.75	4
60.05	1
60.35	2
60.65	3
60.95	4
61.26	1
61.55	2
61.86	3
62.15	4
62.45	1
62.76	2
63.05	3
63.35	4
63.65	1
63.95	2
64.25	3
64.55	4
64.85	1
65.15	2
65.46	3
65.75	4
66.06	1
66.35	2
66.65	3
66.96	4
67.25	1
67.55	2
67.85	3
68.15	4
68.45	1
68.75	2
69.05	3
69.36	4
69.66	1
69.95	2
70.25	3
70.55	4
70.86	1
71.15	2
71.45	3
71.76	4
72.06	1
72.36	2
72.66	3
72.95	4
73.26	1
73.55	2
73.86	3
74.15	4
74.45	1
74.75	2
75.05	3
75.36	4
75.66	1
75.95	2
76.25	3
76.55	4
76.86	1
77.15	2
77.45	3
77.76	4
78.06	1
78.35	2
78.65	3
78.95	4
79.26	1
79.55	2
79.85	3
80.15	4
80.45	1
80.76	2
81.05	3
81.35	4
81.65	1
81.95	2
82.25	3
82.55	4
82.86	1
83.15	2
83.45	3
83.75	4
84.06	1
84.36	2
84.65	3
84.95	4
85.26	1
85.55	2
85.85	3
86.16	4
86.45	1
86.76	2
87.05	3
87.36	4
87.65	1
87.95	2
88.25	3
88.55	4
88.85	1
89.15	2
89.45	3
89.76	4
90.06	1
90.35	2
90.65	3
90.95	4
91.25	1
91.56	2
91.86	3
92.15	4
92.45	1
92.75	2
93.05	3
93.35	4
93.65	1
93.95	2
94.25	3
94.55	4
94.86	1
95.16	2
95.46	3
95.75	4
96.05	1
96.35	2
96.66	3
96.95	4
97.26	1
97.55	2
97.86	3
98.15	4
98.45	1
98.75	2
99.05	3
99.36	4
99.66	1
99.96	2
100.26	3
100.55	4
100.86	1
101.15	2
101.46	3
101.75	4
102.05	1
102.35	2
102.65	3
102.95	4
103.25	1
103.55	2
103.86	3
104.15	4
104.46	1
104.75	2
105.05	3
105.35	4
105.66	1
105.95	2
106.25	3
106.55	4
106.85	1
107.15	2
107.46	3
107.75	4
108.05	1
108.35	2
108.65	3
108.95	4
109.25	1
109.56	2
109.85	3
110.15	4
110.45	1
110.76	2
111.05	3
111.35	4
111.65	1
111.95	2
112.25	3
112.55	4
112.86	1
113.16	2
113.46	3
113.76	4
114.05	1
114.35	2
114.66	3
114.95	4
115.26	1
115.56	2
115.85	3
116.15	4
116.45	1
116.75	2
117.05	3
117.35	4
117.65	1
117.95	2
118.26	3
118.55	4
118.85	1
119.15	2
119.45	3
119.75	4
120.06	1
120.35	2
120.66	3
120.95	4
121.26	1
121.55	2
121.85	3
122.15	4
122.45	1
122.76	2
123.06	3
123.35	4
123.66	1
123.96	2
124.25	3
124.55	4
124.86	1
125.15	2
125.45	3
125.75	4
126.05	1
126.35	2
126.65	3
126.96	4
127.25	1
127.55	2
127.85	3
128.15	4
128.46	1
128.75	2
129.05	3
129.35	4
129.65	1
129.95	2
130.25	3
130.55	4
130.85	1
131.15	2
131.45	3
131.76	4
132.05	1
132.36	2
132.66	3
132.95	4
133.26	1
133.55	2
133.86	3
134.15	4
134.46	1
134.75	2
135.05	3
135.35	4
135.65	1
135.95	2
136.25	3
136.56	4
136.85	1
137.16	2
137.45	3
137.75	4
138.06	1
138.36	2
138.65	3
138.95	4
139.25	1
139.56	2
139.85	3
140.16	4
140.46	1
140.75	2
141.05	3
141.36	4
141.65	1
141.96	2
142.26	3
142.55	4
142.85	1
143.16	2
143.45	3
143.75	4
144.06	1
144.35	2
144.66	3
144.95	4
145.26	1
145.55	2
145.85	3
146.15	4
146.46	1
146.76	2
147.06	3
147.35	4
147.66	1
147.95	2
148.26	3
148.55	4
148.85	1
149.15	2
149.46	3
149.75	4
150.06	1
150.35	2
150.65	3
150.95	4
151.25	1
151.55	2
151.86	3
152.15	4
152.46	1
152.75	2
153.05	3
153.35	4
153.65	1
153.96	2
154.25	3
154.55	4
154.85	1
155.15	2
155.45	3
155.75	4
156.05	1
156.35	2
156.65	3
156.96	4
157.26	1
157.55	2
157.85	3
158.16	4
158.45	1
158.76	2
159.05	3
159.35	4
159.65	1
159.96	2
160.28	3
160.58	4
160.89	1
161.2	2
161.51	3
161.83	4
162.13	1
162.45	2
162.77	3
163.09	4
163.4	1
163.72	2
164.04	3
164.37	4
164.68	1
165.01	2
165.33	3
165.64	4
165.96	1
166.29	2
166.61	3
166.92	4
167.24	1
167.56	2
167.88	3
168.21	4
168.52	1
168.85	2
169.17	3
169.48	4
169.8	1
170.13	2
