3.95	2
4.37	3
4.83	4
5.25	1
5.7	2
6.14	3
6.59	4
7.02	1
7.43	2
7.88	3
8.3	4
8.72	1
9.15	2
9.59	3
10.02	4
10.43	1
10.86	2
11.3	3
11.73	4
12.16	1
12.57	2
13.01	3
13.45	4
13.88	1
14.31	2
14.74	3
15.15	4
15.6	1
16.01	2
16.45	3
16.88	4
17.29	1
17.73	2
18.13	3
18.58	4
19.0	1
19.43	2
19.87	3
20.28	4
20.72	1
21.16	2
21.57	3
22.02	4
22.43	1
22.88	2
23.31	3
23.74	4
24.17	1
24.59	2
25.03	3
25.44	4
25.89	1
26.32	2
26.73	3
27.15	4
27.58	1
28.02	2
28.44	3
28.88	4
29.3	1
29.73	2
30.18	3
30.61	4
31.04	1
31.46	2
31.88	3
32.32	4
32.74	1
33.17	2
33.61	3
34.03	4
34.45	1
34.87	2
35.3	3
35.73	4
36.15	1
36.6	2
37.02	3
37.46	4
37.88	1
38.32	2
38.74	3
39.16	4
39.59	1
40.04	2
40.45	3
40.88	4
41.32	1
41.76	2
42.18	3
42.59	4
43.01	1
43.44	2
43.86	3
44.29	4
44.73	1
45.15	2
45.59	3
46.01	4
46.46	1
46.87	2
47.29	3
47.73	4
48.14	1
48.58	2
49.0	3
49.44	4
49.85	1
50.28	2
50.71	3
51.14	4
51.58	1
52.01	2
52.44	3
52.88	4
53.29	1
53.74	2
54.16	3
54.6	4
55.01	1
55.46	2
55.88	3
56.31	4
56.74	1
57.17	2
57.59	3
58.03	4
58.44	1
58.86	2
59.3	3
59.73	4
60.15	1
60.6	2
61.03	3
61.45	4
61.88	1
62.31	2
62.74	3
63.15	4
63.59	1
64.02	2
64.43	3
64.88	4
65.31	1
65.74	2
66.16	3
66.58	4
67.02	1
67.44	2
67.88	3
68.3	4
68.73	1
69.17	2
69.59	3
70.02	4
70.45	1
70.88	2
71.31	3
71.74	4
72.16	1
72.61	2
73.02	3
73.45	4
73.88	1
74.29	2
74.72	3
75.15	4
75.6	1
76.03	2
76.45	3
76.88	4
77.32	1
77.73	2
78.16	3
78.59	4
79.01	1
79.45	2
79.87	3
80.31	4
80.72	1
81.16	2
81.58	3
82.02	4
82.46	1
82.89	2
83.31	3
83.75	4
84.16	1
84.6	2
85.02	3
85.44	4
85.88	1
86.31	2
86.75	3
87.16	4
87.59	1
88.04	2
88.47	3
88.88	4
89.33	1
89.74	2
90.18	3
90.61	4
91.04	1
91.48	2
91.89	3
92.32	4
92.75	1
93.19	2
93.61	3
94.02	4
94.43	1
94.86	2
95.29	3
95.73	4
96.16	1
96.59	2
97.0	3
97.43	4
97.87	1
98.31	2
98.74	3
99.17	4
99.59	1
100.02	2
100.45	3
100.89	4
101.31	1
101.74	2
102.16	3
102.59	4
103.02	1
103.47	2
103.89	3
104.31	4
104.74	1
105.15	2
105.6	3
106.02	4
106.44	1
106.89	2
107.32	3
107.74	4
108.16	1
108.6	2
109.04	3
109.46	4
109.9	1
110.33	2
110.75	3
111.18	4
111.6	1
112.04	2
112.47	3
112.91	4
113.33	1
113.75	2
114.16	3
114.58	4
115.01	1
115.45	2
115.86	3
116.29	4
116.74	1
117.16	2
117.59	3
118.02	4
118.43	1
118.86	2
119.28	3
119.71	4
120.14	1
120.57	2
121.02	3
121.43	4
121.88	1
122.29	2
122.72	3
123.17	4
123.6	1
124.01	2
124.45	3
124.88	4
125.31	1
125.73	2
126.17	3
126.58	4
127.03	1
127.45	2
127.88	3
128.31	4
128.74	1
129.17	2
129.59	3
130.02	4
130.45	1
130.88	2
131.33	3
131.75	4
132.18	1
132.6	2
133.03	3
133.47	4
133.9	1
134.31	2
134.74	3
135.16	4
135.59	1
136.03	2
136.45	3
136.89	4
137.31	1
137.76	2
138.16	3
138.59	4
139.01	1
139.44	2
139.89	3
140.32	4
140.74	1
141.17	2
141.59	3
142.02	4
142.45	1
142.89	2
143.31	3
143.71	4
144.15	1
144.59	2
145.0	3
145.44	4
145.88	1
146.3	2
146.73	3
147.16	4
147.59	1
148.03	2
148.44	3
148.89	4
149.31	1
149.75	2
150.16	3
150.59	4
151.04	1
151.45	2
151.9	3
152.32	4
152.73	1
153.17	2
153.6	3
154.03	4
154.44	1
154.89	2
155.31	3
155.73	4
156.16	1
156.61	2
157.03	3
157.46	4
157.89	1
158.31	2
158.74	3
159.16	4
159.59	1
160.01	2
160.43	3
160.86	4
161.3	1
161.74	2
162.17	3
162.59	4
163.01	1
163.45	2
163.89	3
164.32	4
164.73	1
165.16	2
165.6	3
166.02	4
166.47	1
166.89	2
167.31	3
167.76	4
168.19	1
168.59	2
169.01	3
169.44	4
169.88	1
170.31	2
170.74	3
171.16	4
171.58	1
172.02	2
172.46	3
172.87	4
173.32	1
173.74	2
174.18	3
174.61	4
175.04	1
175.47	2
175.89	3
176.31	4
176.74	1
177.19	2
177.62	3
178.05	4
178.46	1
178.9	2
179.33	3
179.75	4
180.18	1
180.63	2
181.03	3
181.47	4
181.87	1
182.32	2
182.73	3
183.16	4
183.6	1
184.03	2
184.46	3
184.88	4
185.33	1
185.75	2
186.19	3
186.6	4
187.04	1
187.45	2
187.88	3
188.29	4
188.72	1
189.16	2
189.6	3
190.01	4
190.45	1
190.88	2
191.31	3
191.75	4
192.18	1
192.6	2
193.03	3
193.45	4
193.88	1
194.31	2
194.75	3
195.19	4
195.6	1
196.0	2
196.42	3
196.86	4
197.28	1
197.73	2
198.16	3
198.57	4
199.01	1
199.43	2
199.87	3
200.29	4
200.74	1
201.17	2
201.6	3
202.02	4
202.46	1
202.88	2
203.3	3
203.75	4
204.18	1
204.6	2
205.03	3
205.45	4
205.89	1
206.31	2
206.73	3
207.16	4
207.59	1
208.03	2
208.46	3
208.89	4
209.3	1
209.73	2
210.15	3
210.59	4
211.02	1
211.46	2
211.88	3
212.31	4
212.75	1
213.17	2
213.61	3
214.03	4
214.48	1
214.91	2
215.32	3
215.77	4
216.18	1
216.62	2
217.04	3
217.47	4
217.9	1
218.35	2
218.77	3
219.21	4
219.64	1
220.07	2
220.48	3
220.93	4
221.34	1
221.76	2
222.19	3
222.62	4
223.04	1
223.46	2
223.88	3
224.28	4
224.73	1
225.14	2
225.59	3
226.0	4
226.44	1
226.88	2
227.3	3
227.73	4
228.17	1
228.58	2
229.01	3
229.45	4
229.88	1
230.31	2
230.75	3
231.17	4
231.6	1
232.03	2
232.45	3
232.88	4
233.33	1
233.74	2
234.17	3
234.59	4
235.02	1
235.45	2
235.87	3
236.3	4
236.74	1
237.15	2
237.59	3
238.02	4
238.44	1
238.86	2
239.3	3
239.72	4
240.16	1
240.58	2
241.01	3
241.44	4
241.88	1
242.3	2
242.72	3
243.16	4
243.59	1
244.02	2
244.46	3
244.89	4
245.3	1
245.73	2
246.16	3
246.59	4
247.03	1
247.47	2
247.88	3
248.31	4
248.74	1
249.19	2
249.61	3
250.04	4
250.46	1
250.89	2
251.31	3
251.72	4
252.16	1
252.56	2
252.99	3
253.43	4
253.85	1
254.3	2
254.72	3
255.16	4
255.57	1
256.0	2
256.43	3
256.86	4
257.31	1
257.74	2
258.17	3
258.59	4
259.01	1
259.44	2
259.89	3
260.31	4
260.74	1
261.18	2
261.6	3
262.01	4
262.44	1
262.87	2
263.31	3
263.74	4
264.17	1
264.6	2
265.04	3
265.45	4
265.89	1
266.33	2
266.73	3
267.17	4
267.6	1
268.03	2
268.44	3
268.88	4
269.3	1
269.75	2
270.17	3
270.6	4
271.02	1
271.47	2
271.9	3
272.32	4
272.73	1
273.15	2
273.6	3
274.02	4
274.44	1
274.87	2
275.3	3
275.74	4
276.15	1
276.57	2
276.98	3
277.42	4
277.86	1
278.29	2
278.72	3
279.14	4
279.6	1
280.04	2
280.51	3
280.96	4
281.41	1
281.88	2
282.33	3
282.78	4
283.24	1
283.71	2
284.18	3
284.63	4
285.1	1
285.56	2
286.02	3
