0.07	1
0.56	2
1.04	3
1.51	4
1.99	1
2.48	2
2.96	3
3.44	4
3.91	1
4.39	2
4.86	3
5.35	4
5.83	1
6.31	2
6.79	3
7.27	4
7.75	1
8.23	2
8.71	3
9.19	4
9.67	1
10.15	2
10.63	3
11.11	4
11.59	1
12.07	2
12.54	3
13.03	4
13.5	1
13.99	2
14.46	3
14.95	4
15.43	1
15.92	2
16.39	3
16.87	4
17.36	1
17.84	2
18.31	3
18.79	4
19.26	1
19.75	2
20.23	3
20.71	4
21.19	1
21.67	2
22.15	3
22.63	4
23.11	1
23.6	2
24.07	3
24.56	4
25.03	1
25.51	2
26.0	3
26.48	4
26.95	1
27.43	2
27.9	3
28.39	4
28.87	1
29.35	2
29.83	3
30.32	4
30.79	1
31.27	2
31.75	3
32.23	4
32.71	1
33.19	2
33.68	3
34.16	4
34.63	1
35.11	2
35.58	3
36.07	4
36.56	1
37.03	2
37.51	3
37.99	4
38.47	1
38.95	2
39.43	3
39.91	4
40.39	1
40.87	2
41.34	3
41.84	4
42.31	1
42.79	2
43.26	3
43.75	4
44.23	1
44.71	2
45.19	3
45.66	4
46.15	1
46.63	2
47.11	3
47.6	4
48.07	1
48.55	2
49.03	3
49.52	4
49.99	1
50.47	2
50.95	3
51.44	4
51.9	1
52.39	2
52.87	3
53.36	4
53.83	1
54.31	2
54.79	3
55.28	4
55.75	1
56.23	2
56.72	3
57.2	4
57.67	1
58.16	2
58.62	3
59.11	4
59.58	1
60.07	2
60.55	3
61.03	4
61.51	1
62.0	2
62.47	3
62.95	4
63.43	1
63.91	2
64.38	3
64.87	4
65.34	1
65.83	2
66.31	3
66.8	4
67.26	1
67.75	2
68.23	3
68.71	4
69.19	1
69.67	2
70.15	3
70.64	4
71.11	1
71.6	2
72.07	3
72.56	4
73.03	1
73.52	2
73.99	3
74.48	4
74.94	1
75.44	2
75.91	3
76.4	4
76.87	1
77.36	2
77.82	3
78.31	4
78.8	1
79.27	2
79.75	3
80.24	4
80.71	1
81.19	2
81.67	3
82.16	4
82.63	1
83.11	2
83.58	3
84.07	4
84.56	1
85.04	2
85.51	3
85.99	4
86.46	1
86.95	2
87.43	3
87.91	4
88.39	1
88.88	2
89.35	3
89.83	4
90.31	1
90.8	2
91.26	3
91.75	4
92.23	1
92.72	2
93.19	3
93.68	4
94.15	1
94.63	2
95.11	3
95.6	4
96.07	1
96.56	2
97.03	3
97.52	4
97.99	1
98.47	2
98.95	3
99.44	4
99.91	1
100.39	2
100.86	3
101.35	4
101.83	1
102.32	2
102.79	3
103.27	4
103.75	1
104.23	2
104.71	3
105.2	4
105.68	1
106.15	2
106.63	3
107.11	4
107.58	1
108.07	2
108.55	3
109.03	4
109.5	1
109.99	2
110.47	3
110.96	4
111.44	1
111.91	2
112.39	3
112.87	4
113.35	1
113.83	2
114.3	3
114.8	4
115.27	1
115.76	2
116.22	3
116.71	4
117.19	1
117.68	2
118.15	3
118.64	4
119.11	1
119.6	2
120.07	3
120.55	4
121.03	1
121.51	2
121.98	3
122.48	4
122.95	1
123.42	2
123.91	3
124.39	4
124.87	1
125.36	2
125.83	3
126.31	4
126.8	1
127.27	2
127.74	3
128.23	4
128.7	1
129.2	2
129.67	3
130.16	4
130.63	1
131.11	2
131.58	3
132.08	4
132.55	1
133.03	2
133.5	3
133.99	4
134.47	1
134.95	2
135.43	3
135.92	4
136.38	1
136.87	2
137.34	3
137.84	4
138.31	1
138.79	2
139.27	3
139.76	4
140.23	1
140.72	2
141.19	3
141.68	4
142.15	1
142.64	2
143.11	3
143.6	4
144.06	1
144.55	2
145.02	3
145.52	4
145.99	1
146.47	2
146.94	3
147.43	4
147.91	1
148.4	2
148.87	3
149.36	4
149.84	1
150.32	2
150.79	3
151.28	4
151.76	1
152.24	2
152.71	3
153.18	4
153.67	1
154.14	2
154.62	3
155.11	4
155.58	1
156.07	2
156.54	3
157.04	4
157.51	1
157.99	2
158.47	3
158.95	4
159.43	1
159.91	2
160.39	3
160.87	4
161.34	1
161.83	2
162.31	3
162.8	4
163.26	1
163.75	2
164.23	3
164.72	4
165.19	1
165.67	2
166.15	3
166.63	4
167.1	1
167.58	2
168.06	3
168.55	4
169.03	1
169.51	2
169.99	3
170.46	4
170.95	1
171.44	2
171.92	3
172.39	4
172.86	1
173.36	2
173.83	3
174.31	4
174.79	1
175.28	2
175.75	3
176.25	4
176.73	1
177.2	2
177.67	3
178.16	4
178.64	1
179.11	2
179.59	3
180.08	4
180.56	1
181.04	2
181.51	3
181.99	4
182.47	1
182.96	2
183.43	3
183.92	4
184.39	1
184.88	2
185.35	3
185.84	4
186.32	1
186.79	2
187.27	3
187.76	4
188.23	1
188.71	2
189.19	3
189.67	4
190.16	1
190.64	2
191.11	3
191.6	4
192.07	1
192.55	2
193.04	3
193.52	4
193.99	1
194.47	2
194.96	3
195.44	4
195.93	1
196.39	2
196.87	3
197.35	4
197.84	1
198.31	2
198.79	3
199.28	4
199.76	1
200.23	2
200.71	3
201.2	4
201.69	1
202.15	2
202.63	3
203.11	4
203.58	1
204.07	2
204.55	3
205.03	4
205.5	1
205.99	2
206.46	3
206.96	4
207.43	1
207.91	2
208.39	3
208.88	4
209.36	1
209.83	2
210.31	3
210.8	4
211.28	1
211.76	2
212.23	3
212.72	4
213.18	1
213.67	2
214.15	3
214.63	4
215.11	1
215.59	2
216.07	3
216.56	4
217.04	1
217.51	2
217.98	3
218.48	4
218.94	1
219.43	2
219.91	3
220.4	4
220.87	1
221.35	2
221.83	3
222.31	4
222.79	1
223.27	2
223.75	3
224.23	4
224.71	1
225.2	2
225.67	3
226.16	4
226.62	1
227.12	2
227.59	3
228.08	4
228.54	1
229.03	2
229.51	3
229.99	4
230.46	1
230.96	2
231.42	3
231.91	4
232.39	1
232.87	2
233.35	3
233.83	4
234.32	1
234.8	2
235.27	3
235.76	4
236.23	1
236.71	2
237.2	3
237.68	4
238.15	1
238.64	2
239.1	3
239.59	4
240.07	1
240.55	2
241.02	3
241.51	4
241.99	1
242.49	2
242.99	3
243.48	4
243.96	1
244.44	2
244.91	3
245.38	4
245.87	1
246.36	2
246.83	3
247.32	4
247.78	1
248.26	2
248.76	3
