2.28	2
2.71	3
3.18	4
3.63	1
4.06	2
4.53	3
4.98	4
5.41	1
5.86	2
6.33	3
6.77	4
7.2	1
7.63	2
8.07	3
8.52	4
8.97	1
9.4	2
9.84	3
10.28	4
10.74	1
11.2	2
11.65	3
12.08	4
12.53	1
12.96	2
13.4	3
13.86	4
14.29	1
14.74	2
15.2	3
15.63	4
16.08	1
16.54	2
17.04	3
17.53	4
18.04	1
18.52	2
18.96	3
19.41	4
19.86	1
20.31	2
20.74	3
21.19	4
21.64	1
22.07	2
22.51	3
22.95	4
23.4	1
23.83	2
24.27	3
24.7	4
25.16	1
25.59	2
26.05	3
26.49	4
26.94	1
27.39	2
27.82	3
28.26	4
28.7	1
29.15	2
29.58	3
30.04	4
30.46	1
30.92	2
31.36	3
31.8	4
32.26	1
32.71	2
33.15	3
33.61	4
34.07	1
34.5	2
34.94	3
35.39	4
35.84	1
36.28	2
36.74	3
37.17	4
37.61	1
38.05	2
38.51	3
38.94	4
39.39	1
39.83	2
40.28	3
40.71	4
41.14	1
41.59	2
42.04	3
42.48	4
42.92	1
43.35	2
43.79	3
44.23	4
44.67	1
45.13	2
45.58	3
46.01	4
46.44	1
46.9	2
47.33	3
47.78	4
48.25	1
48.71	2
49.17	3
49.6	4
50.05	1
50.5	2
50.95	3
51.38	4
51.82	1
52.27	2
52.71	3
53.14	4
53.61	1
54.05	2
54.49	3
54.93	4
55.36	1
55.81	2
56.26	3
56.68	4
57.14	1
57.58	2
58.01	3
58.45	4
58.88	1
59.33	2
59.79	3
60.23	4
60.67	1
61.12	2
61.57	3
62.03	4
62.49	1
62.94	2
63.37	3
63.82	4
64.29	1
64.73	2
65.17	3
65.64	4
66.08	1
66.53	2
66.96	3
67.41	4
67.85	1
68.28	2
68.71	3
69.16	4
69.59	1
70.06	2
70.49	3
70.96	4
71.41	1
71.84	2
72.27	3
72.72	4
73.17	1
73.61	2
74.03	3
74.48	4
74.92	1
75.37	2
75.81	3
76.24	4
76.69	1
77.14	2
77.59	3
78.03	4
78.47	1
78.92	2
79.36	3
79.8	4
80.23	1
80.68	2
81.12	3
81.56	4
82.02	1
82.46	2
82.9	3
83.35	4
83.79	1
84.23	2
84.68	3
85.12	4
85.52	1
85.91	2
86.3	3
86.7	4
87.14	1
87.59	2
88.04	3
88.48	4
88.91	1
89.35	2
89.8	3
90.24	4
90.68	1
91.13	2
91.59	3
92.02	4
92.47	1
92.9	2
93.35	3
93.77	4
94.23	1
94.69	2
95.13	3
95.58	4
96.03	1
96.47	2
96.9	3
97.34	4
97.8	1
98.24	2
98.68	3
99.13	4
99.58	1
100.03	2
100.45	3
100.89	4
101.34	1
101.78	2
102.33	3
102.84	4
103.33	1
103.78	2
104.22	3
104.67	4
105.13	1
105.57	2
106.01	3
106.46	4
106.91	1
107.34	2
107.78	3
108.23	4
108.69	1
109.12	2
109.57	3
110.0	4
110.43	1
110.87	2
111.33	3
111.76	4
112.22	1
112.66	2
113.11	3
113.53	4
114.0	1
114.43	2
114.9	3
115.35	4
115.77	1
116.22	2
116.67	3
117.11	4
117.56	1
118.02	2
118.45	3
118.9	4
119.36	1
119.79	2
120.23	3
120.67	4
121.13	1
121.56	2
122.01	3
122.43	4
122.9	1
123.33	2
123.79	3
124.22	4
124.67	1
125.1	2
125.55	3
125.98	4
126.44	1
126.87	2
127.33	3
127.77	4
128.21	1
128.65	2
129.11	3
129.55	4
129.99	1
130.43	2
130.85	3
131.31	4
131.76	1
132.22	2
132.64	3
133.08	4
133.54	1
133.97	2
134.44	3
134.88	4
135.33	1
135.78	2
136.2	3
136.64	4
137.11	1
137.54	2
138.0	3
138.45	4
138.88	1
139.32	2
139.73	3
140.19	4
140.61	1
141.08	2
141.51	3
141.97	4
142.43	1
142.88	2
143.32	3
143.77	4
144.22	1
144.66	2
145.1	3
145.53	4
145.97	1
146.42	2
146.86	3
147.3	4
147.73	1
148.19	2
148.62	3
149.06	4
149.51	1
149.95	2
150.4	3
150.84	4
151.3	1
151.75	2
152.19	3
152.63	4
153.08	1
153.52	2
153.97	3
154.4	4
154.85	1
155.32	2
155.77	3
156.21	4
156.67	1
157.09	2
157.54	3
157.99	4
158.43	1
158.85	2
159.3	3
159.73	4
160.17	1
160.6	2
160.99	3
161.42	4
161.81	1
162.22	2
162.66	3
163.1	4
163.55	1
164.0	2
164.42	3
164.88	4
165.31	1
165.74	2
166.19	3
166.64	4
167.07	1
167.52	2
167.95	3
168.42	4
168.85	1
169.3	2
169.77	3
170.27	4
170.73	1
171.22	2
171.71	3
172.18	4
172.63	1
173.08	2
173.51	3
173.95	4
174.41	1
174.86	2
175.31	3
175.75	4
176.19	1
176.64	2
177.09	3
177.53	4
177.97	1
178.4	2
178.85	3
179.29	4
179.75	1
180.19	2
180.64	3
181.06	4
181.52	1
181.95	2
182.4	3
182.84	4
183.29	1
183.73	2
184.17	3
184.62	4
185.07	1
185.52	2
185.97	3
186.4	4
186.84	1
187.27	2
187.71	3
188.16	4
188.61	1
189.07	2
189.52	3
189.95	4
190.4	1
190.84	2
191.3	3
191.73	4
192.19	1
192.62	2
193.05	3
193.49	4
193.93	1
194.38	2
194.82	3
195.26	4
195.73	1
196.17	2
196.61	3
197.05	4
197.51	1
197.93	2
198.38	3
198.81	4
199.26	1
199.72	2
200.18	3
200.62	4
201.05	1
201.49	2
201.92	3
202.36	4
202.81	1
203.28	2
203.73	3
204.17	4
204.63	1
205.06	2
205.53	3
205.95	4
206.41	1
206.85	2
207.27	3
207.73	4
208.17	1
208.59	2
209.05	3
209.49	4
209.93	1
210.39	2
210.83	3
211.3	4
211.74	1
212.17	2
212.61	3
213.07	4
213.5	1
213.95	2
214.39	3
214.83	4
215.28	1
215.72	2
216.16	3
216.6	4
217.05	1
217.49	2
217.93	3
218.36	4
218.8	1
219.26	2
219.7	3
220.15	4
220.59	1
221.03	2
221.48	3
221.92	4
222.38	1
222.83	2
223.25	3
223.7	4
224.15	1
224.57	2
225.02	3
225.45	4
225.86	1
226.24	2
226.65	3
227.04	4
227.47	1
227.94	2
228.38	3
228.84	4
229.27	1
229.72	2
230.19	3
230.61	4
231.05	1
231.5	2
231.93	3
232.39	4
232.81	1
233.27	2
233.7	3
234.16	4
234.59	1
235.04	2
235.5	3
235.93	4
236.38	1
236.83	2
237.25	3
237.71	4
238.13	1
238.58	2
239.04	3
239.5	4
239.94	1
240.39	2
240.84	3
241.28	4
241.71	1
242.15	2
242.6	3
243.04	4
243.49	1
243.91	2
244.37	3
244.81	4
245.25	1
245.67	2
246.14	3
246.58	4
247.04	1
247.47	2
247.93	3
248.38	4
248.84	1
249.27	2
249.72	3
250.15	4
250.6	1
251.04	2
251.49	3
251.92	4
252.37	1
252.79	2
253.25	3
253.69	4
254.13	1
254.59	2
255.02	3
255.48	4
255.91	1
256.34	2
256.8	3
257.25	4
257.69	1
258.14	2
258.58	3
259.03	4
259.48	1
259.91	2
260.36	3
260.8	4
261.24	1
261.68	2
262.11	3
262.58	4
263.01	1
263.46	2
263.91	3
264.37	4
264.81	1
265.25	2
265.7	3
266.14	4
266.58	1
267.0	2
267.45	3
267.92	4
268.35	1
268.79	2
269.24	3
269.69	4
270.11	1
270.56	2
271.03	3
271.47	4
271.91	1
272.37	2
272.82	3
273.24	4
273.68	1
274.14	2
274.56	3
275.01	4
275.47	1
275.92	2
276.38	3
276.8	4
277.25	1
277.68	2
278.13	3
278.59	4
279.02	1
279.48	2
279.91	3
280.35	4
280.79	1
281.23	2
281.66	3
282.11	4
282.58	1
283.03	2
283.45	3
283.89	4
284.33	1
284.78	2
285.22	3
285.68	4
286.12	1
286.56	2
287.02	3
287.45	4
287.9	1
288.35	2
288.77	3
289.23	4
289.68	1
290.13	2
290.57	3
291.0	4
291.45	1
291.88	2
292.35	3
292.79	4
293.23	1
293.68	2
294.12	3
294.57	4
295.0	1
295.45	2
295.89	3
296.35	4
296.8	1
297.24	2
297.69	3
298.14	4
298.57	1
299.02	2
299.46	3
299.9	4
300.35	1
300.81	2
301.27	3
301.75	4
302.21	1
302.67	2
303.11	3
303.57	4
304.03	1
304.51	2
304.97	3
305.43	4
305.89	1
306.35	2
306.79	3
307.27	4
307.71	1
308.19	2
308.67	3
309.12	4
309.6	1
310.1	2
310.56	3
311.06	4
311.54	1
312.0	2
312.5	3
312.98	4
313.46	1
313.92	2
314.42	3
314.88	4
315.36	1
315.84	2
